
1 
5 
5 18 
5 18 37613 
5 21 
5 21 170 
5 21 170 37613 
5 21 170 37613 37630 
5 21 170 37613 37630 37664 
5 21 170 37613 37630 37664 37673 
5 21 170 37613 37630 37673 
5 21 170 37613 37664 
5 21 170 37613 37664 37673 
5 21 170 37613 37673 
5 21 170 37630 
5 21 170 37630 37664 
5 21 170 37630 37664 37673 
5 21 170 37630 37673 
5 21 170 37664 
5 21 170 37664 37673 
5 21 170 37673 
5 21 178 
5 21 37605 
5 21 37613 
5 21 37613 37630 
5 21 37613 37630 37664 
5 21 37613 37630 37664 37673 
5 21 37613 37630 37673 
5 21 37613 37664 
5 21 37613 37664 37673 
5 21 37613 37673 
5 21 37630 
5 21 37630 37664 
5 21 37630 37664 37673 
5 21 37630 37673 
5 21 37664 
5 21 37664 37673 
5 21 37673 
5 22 
5 22 173 
5 22 173 37613 
5 22 173 37613 37630 
5 22 173 37630 
5 22 179 
5 22 179 37613 
5 22 179 37613 37618 
5 22 179 37618 
5 22 37613 
5 22 37613 37618 
5 22 37613 37630 
5 22 37618 
5 22 37630 
5 25 
5 25 151 
5 25 151 37613 
5 25 151 37613 37618 
5 25 151 37618 
5 25 151 37642 
5 25 37613 
5 25 37613 37618 
5 25 37618 
5 25 37642 
5 26 
5 26 149 
5 26 149 37601 
5 26 37601 
5 48 
5 48 150 
5 48 150 37613 
5 48 37613 
5 149 
5 149 37601 
5 150 
5 150 37613 
5 151 
5 151 37613 
5 151 37613 37618 
5 151 37618 
5 151 37642 
5 170 
5 170 37613 
5 170 37613 37630 
5 170 37613 37630 37664 
5 170 37613 37630 37664 37673 
5 170 37613 37630 37673 
5 170 37613 37664 
5 170 37613 37664 37673 
5 170 37613 37673 
5 170 37630 
5 170 37630 37664 
5 170 37630 37664 37673 
5 170 37630 37673 
5 170 37664 
5 170 37664 37673 
5 170 37673 
5 173 
5 173 37613 
5 173 37613 37630 
5 173 37630 
5 178 
5 179 
5 179 37613 
5 179 37613 37618 
5 179 37618 
5 37601 
5 37605 
5 37605 37622 
5 37605 37622 37779 
5 37605 37779 
5 37607 
5 37607 37620 
5 37607 37620 37658 
5 37607 37658 
5 37613 
5 37613 37616 
5 37613 37618 
5 37613 37630 
5 37613 37630 37664 
5 37613 37630 37664 37673 
5 37613 37630 37665 
5 37613 37630 37673 
5 37613 37642 
5 37613 37642 37658 
5 37613 37642 37662 
5 37613 37658 
5 37613 37662 
5 37613 37664 
5 37613 37664 37673 
5 37613 37665 
5 37613 37673 
5 37616 
5 37618 
5 37620 
5 37620 37658 
5 37622 
5 37622 37779 
5 37630 
5 37630 37664 
5 37630 37664 37673 
5 37630 37665 
5 37630 37673 
5 37642 
5 37642 37658 
5 37642 37662 
5 37658 
5 37662 
5 37664 
5 37664 37673 
5 37665 
5 37673 
5 37730 
5 37779 
7 
7 20 
7 20 58 
7 20 58 1717 
7 20 58 1717 37613 
7 20 58 3010 
7 20 58 3010 37613 
7 20 58 3320 
7 20 58 3320 37613 
7 20 58 3320 37613 37618 
7 20 58 3320 37618 
7 20 58 4561 
7 20 58 4561 37613 
7 20 58 37613 
7 20 58 37613 37616 
7 20 58 37613 37618 
7 20 58 37613 37642 
7 20 58 37613 37658 
7 20 58 37616 
7 20 58 37618 
7 20 58 37642 
7 20 58 37658 
7 20 1717 
7 20 1717 37613 
7 20 3010 
7 20 3010 37613 
7 20 3320 
7 20 3320 37613 
7 20 3320 37613 37618 
7 20 3320 37618 
7 20 4561 
7 20 4561 37613 
7 20 37613 
7 20 37613 37616 
7 20 37613 37618 
7 20 37613 37630 
7 20 37613 37642 
7 20 37613 37658 
7 20 37616 
7 20 37618 
7 20 37630 
7 20 37642 
7 20 37658 
7 27 
7 27 3473 
7 27 3473 37613 
7 27 37613 
7 27 37613 37618 
7 27 37618 
7 41 
7 41 2991 
7 41 2991 37611 
7 41 2991 37611 37631 
7 41 2991 37631 
7 41 37611 
7 41 37611 37631 
7 41 37631 
7 56 
7 56 3429 
7 56 3429 37613 
7 56 3429 37613 37618 
7 56 3429 37613 37642 
7 56 3429 37618 
7 56 3429 37642 
7 56 37613 
7 56 37613 37618 
7 56 37613 37642 
7 56 37618 
7 56 37642 
7 58 
7 58 1717 
7 58 1717 37613 
7 58 3010 
7 58 3010 37613 
7 58 3320 
7 58 3320 37613 
7 58 3320 37613 37618 
7 58 3320 37618 
7 58 4561 
7 58 4561 37613 
7 58 37613 
7 58 37613 37616 
7 58 37613 37618 
7 58 37613 37642 
7 58 37613 37658 
7 58 37616 
7 58 37618 
7 58 37642 
7 58 37658 
7 1717 
7 1717 37613 
7 2991 
7 2991 37611 
7 2991 37611 37631 
7 2991 37631 
7 3010 
7 3010 37613 
7 3033 
7 3320 
7 3320 37613 
7 3320 37613 37618 
7 3320 37618 
7 3429 
7 3429 37613 
7 3429 37613 37618 
7 3429 37613 37642 
7 3429 37618 
7 3429 37642 
7 3473 
7 3473 37613 
7 4561 
7 4561 37613 
7 37605 
7 37605 37622 
7 37611 
7 37611 37631 
7 37613 
7 37613 37616 
7 37613 37618 
7 37613 37630 
7 37613 37642 
7 37613 37642 37658 
7 37613 37642 37662 
7 37613 37658 
7 37613 37662 
7 37616 
7 37618 
7 37622 
7 37630 
7 37631 
7 37642 
7 37642 37658 
7 37642 37662 
7 37658 
7 37662 
8 
8 108 
8 108 130 
8 108 130 2618 
8 108 130 2618 37611 
8 108 130 37611 
8 108 2618 
8 108 2618 37611 
8 108 37611 
8 130 
8 130 2618 
8 130 2618 37611 
8 130 37611 
8 2618 
8 2618 37611 
8 37611 
11 
11 31 
11 31 79 
11 31 79 2466 
11 31 79 2466 37613 
11 31 79 2466 37613 37616 
11 31 79 2466 37616 
11 31 79 37613 
11 31 79 37613 37616 
11 31 79 37616 
11 31 81 
11 31 81 148 
11 31 81 148 37607 
11 31 81 148 37607 37620 
11 31 81 148 37607 37620 37658 
11 31 81 148 37607 37658 
11 31 81 148 37620 
11 31 81 148 37620 37658 
11 31 81 148 37658 
11 31 81 37607 
11 31 81 37607 37620 
11 31 81 37607 37620 37658 
11 31 81 37607 37658 
11 31 81 37620 
11 31 81 37620 37658 
11 31 81 37658 
11 31 130 
11 31 148 
11 31 148 37607 
11 31 148 37607 37620 
11 31 148 37607 37620 37658 
11 31 148 37607 37658 
11 31 148 37620 
11 31 148 37620 37658 
11 31 148 37658 
11 31 2466 
11 31 2466 37613 
11 31 2466 37613 37616 
11 31 2466 37616 
11 31 37607 
11 31 37607 37620 
11 31 37607 37620 37658 
11 31 37607 37620 37658 42109 
11 31 37607 37620 42109 
11 31 37607 37658 
11 31 37607 37658 42109 
11 31 37607 42109 
11 31 37613 
11 31 37613 37616 
11 31 37616 
11 31 37620 
11 31 37620 37658 
11 31 37620 37658 42109 
11 31 37620 42109 
11 31 37658 
11 31 37658 42109 
11 31 42109 
11 79 
11 79 2466 
11 79 2466 37613 
11 79 2466 37613 37616 
11 79 2466 37616 
11 79 37613 
11 79 37613 37616 
11 79 37616 
11 81 
11 81 148 
11 81 148 37607 
11 81 148 37607 37620 
11 81 148 37607 37620 37658 
11 81 148 37607 37658 
11 81 148 37620 
11 81 148 37620 37658 
11 81 148 37658 
11 81 37607 
11 81 37607 37620 
11 81 37607 37620 37658 
11 81 37607 37658 
11 81 37620 
11 81 37620 37658 
11 81 37658 
11 130 
11 130 37607 
11 148 
11 148 37607 
11 148 37607 37620 
11 148 37607 37620 37658 
11 148 37607 37658 
11 148 37620 
11 148 37620 37658 
11 148 37658 
11 2466 
11 2466 37613 
11 2466 37613 37616 
11 2466 37616 
11 37607 
11 37607 37620 
11 37607 37620 37658 
11 37607 37620 37658 42109 
11 37607 37620 42109 
11 37607 37658 
11 37607 37658 42109 
11 37607 42109 
11 37613 
11 37613 37616 
11 37616 
11 37620 
11 37620 37658 
11 37620 37658 42109 
11 37620 42109 
11 37658 
11 37658 42109 
11 42109 
13 
13 16 
13 16 37607 
13 16 37607 37620 
13 16 37607 37620 37658 
13 16 37607 37656 
13 16 37607 37656 40995 
13 16 37607 37658 
13 16 37607 40995 
13 16 37613 
13 16 37613 37618 
13 16 37618 
13 16 37620 
13 16 37620 37658 
13 16 37656 
13 16 37656 40995 
13 16 37658 
13 16 40995 
13 18 
13 18 37605 
13 18 37605 37621 
13 18 37605 37621 37778 
13 18 37605 37778 
13 18 37607 
13 18 37607 37656 
13 18 37607 37656 40995 
13 18 37607 40995 
13 18 37613 
13 18 37613 37618 
13 18 37613 37630 
13 18 37613 37630 37665 
13 18 37613 37665 
13 18 37618 
13 18 37621 
13 18 37621 37778 
13 18 37630 
13 18 37630 37665 
13 18 37656 
13 18 37656 40995 
13 18 37665 
13 18 37778 
13 18 40995 
13 30 
13 30 58 
13 30 64 
13 30 64 73 
13 30 64 73 37605 
13 30 64 74 
13 30 64 74 37613 
13 30 64 74 37613 37630 
13 30 64 74 37613 37630 37664 
13 30 64 74 37613 37630 37664 37673 
13 30 64 74 37613 37630 37673 
13 30 64 74 37613 37664 
13 30 64 74 37613 37664 37673 
13 30 64 74 37613 37673 
13 30 64 74 37630 
13 30 64 74 37630 37664 
13 30 64 74 37630 37664 37673 
13 30 64 74 37630 37673 
13 30 64 74 37664 
13 30 64 74 37664 37673 
13 30 64 74 37673 
13 30 64 37605 
13 30 64 37613 
13 30 64 37613 37630 
13 30 64 37613 37630 37664 
13 30 64 37613 37630 37664 37673 
13 30 64 37613 37630 37673 
13 30 64 37613 37664 
13 30 64 37613 37664 37673 
13 30 64 37613 37673 
13 30 64 37630 
13 30 64 37630 37664 
13 30 64 37630 37664 37673 
13 30 64 37630 37673 
13 30 64 37664 
13 30 64 37664 37673 
13 30 64 37673 
13 30 65 
13 30 65 37605 
13 30 73 
13 30 73 37605 
13 30 74 
13 30 74 37613 
13 30 74 37613 37630 
13 30 74 37613 37630 37664 
13 30 74 37613 37630 37664 37673 
13 30 74 37613 37630 37673 
13 30 74 37613 37664 
13 30 74 37613 37664 37673 
13 30 74 37613 37673 
13 30 74 37630 
13 30 74 37630 37664 
13 30 74 37630 37664 37673 
13 30 74 37630 37673 
13 30 74 37664 
13 30 74 37664 37673 
13 30 74 37673 
13 30 37605 
13 30 37605 37621 
13 30 37605 37621 37770 
13 30 37605 37626 
13 30 37605 37626 37749 
13 30 37605 37648 
13 30 37605 37648 37750 
13 30 37605 37749 
13 30 37605 37750 
13 30 37605 37770 
13 30 37607 
13 30 37613 
13 30 37613 37630 
13 30 37613 37630 37664 
13 30 37613 37630 37664 37673 
13 30 37613 37630 37673 
13 30 37613 37664 
13 30 37613 37664 37673 
13 30 37613 37673 
13 30 37621 
13 30 37621 37770 
13 30 37626 
13 30 37626 37749 
13 30 37630 
13 30 37630 37664 
13 30 37630 37664 37673 
13 30 37630 37673 
13 30 37648 
13 30 37648 37750 
13 30 37664 
13 30 37664 37673 
13 30 37673 
13 30 37749 
13 30 37750 
13 30 37770 
13 38 
13 38 231 
13 38 231 37613 
13 38 37601 
13 38 37605 
13 38 37607 
13 38 37613 
13 38 37613 37638 
13 38 37638 
13 42 
13 42 58 
13 42 58 37613 
13 42 58 37613 37618 
13 42 58 37618 
13 42 62 
13 42 62 31471 
13 42 62 31471 37613 
13 42 62 31471 37613 37638 
13 42 62 31471 37638 
13 42 62 37613 
13 42 62 37613 37638 
13 42 62 37613 37638 37831 
13 42 62 37613 37831 
13 42 62 37638 
13 42 62 37638 37831 
13 42 62 37831 
13 42 64 
13 42 64 20483 
13 42 64 20483 37613 
13 42 64 37613 
13 42 20483 
13 42 20483 37613 
13 42 31471 
13 42 31471 37613 
13 42 31471 37613 37638 
13 42 31471 37638 
13 42 37613 
13 42 37613 37618 
13 42 37613 37630 
13 42 37613 37638 
13 42 37613 37638 37831 
13 42 37613 37831 
13 42 37618 
13 42 37630 
13 42 37638 
13 42 37638 37831 
13 42 37831 
13 58 
13 58 37613 
13 58 37613 37618 
13 58 37618 
13 62 
13 62 31471 
13 62 31471 37613 
13 62 31471 37613 37638 
13 62 31471 37638 
13 62 37613 
13 62 37613 37638 
13 62 37613 37638 37831 
13 62 37613 37831 
13 62 37638 
13 62 37638 37831 
13 62 37831 
13 64 
13 64 73 
13 64 73 37605 
13 64 74 
13 64 74 37613 
13 64 74 37613 37630 
13 64 74 37613 37630 37664 
13 64 74 37613 37630 37664 37673 
13 64 74 37613 37630 37673 
13 64 74 37613 37664 
13 64 74 37613 37664 37673 
13 64 74 37613 37673 
13 64 74 37630 
13 64 74 37630 37664 
13 64 74 37630 37664 37673 
13 64 74 37630 37673 
13 64 74 37664 
13 64 74 37664 37673 
13 64 74 37673 
13 64 20483 
13 64 20483 37613 
13 64 37605 
13 64 37613 
13 64 37613 37630 
13 64 37613 37630 37664 
13 64 37613 37630 37664 37673 
13 64 37613 37630 37673 
13 64 37613 37664 
13 64 37613 37664 37673 
13 64 37613 37673 
13 64 37630 
13 64 37630 37664 
13 64 37630 37664 37673 
13 64 37630 37673 
13 64 37664 
13 64 37664 37673 
13 64 37673 
13 65 
13 65 37605 
13 66 
13 73 
13 73 37605 
13 74 
13 74 37613 
13 74 37613 37630 
13 74 37613 37630 37664 
13 74 37613 37630 37664 37673 
13 74 37613 37630 37673 
13 74 37613 37664 
13 74 37613 37664 37673 
13 74 37613 37673 
13 74 37630 
13 74 37630 37664 
13 74 37630 37664 37673 
13 74 37630 37673 
13 74 37664 
13 74 37664 37673 
13 74 37673 
13 231 
13 231 37613 
13 20483 
13 20483 37613 
13 31471 
13 31471 37613 
13 31471 37613 37638 
13 31471 37638 
13 37601 
13 37605 
13 37605 37621 
13 37605 37621 37770 
13 37605 37621 37778 
13 37605 37626 
13 37605 37626 37749 
13 37605 37648 
13 37605 37648 37750 
13 37605 37749 
13 37605 37750 
13 37605 37770 
13 37605 37778 
13 37607 
13 37607 37620 
13 37607 37620 37658 
13 37607 37627 
13 37607 37627 41039 
13 37607 37656 
13 37607 37656 40995 
13 37607 37658 
13 37607 40995 
13 37607 41039 
13 37608 
13 37611 
13 37611 37631 
13 37613 
13 37613 37616 
13 37613 37618 
13 37613 37630 
13 37613 37630 37664 
13 37613 37630 37664 37673 
13 37613 37630 37665 
13 37613 37630 37673 
13 37613 37638 
13 37613 37638 37831 
13 37613 37642 
13 37613 37642 37662 
13 37613 37642 37662 68685 
13 37613 37642 68685 
13 37613 37662 
13 37613 37662 68685 
13 37613 37664 
13 37613 37664 37673 
13 37613 37665 
13 37613 37666 
13 37613 37673 
13 37613 37831 
13 37613 68685 
13 37616 
13 37618 
13 37620 
13 37620 37658 
13 37621 
13 37621 37770 
13 37621 37778 
13 37626 
13 37626 37749 
13 37627 
13 37627 41039 
13 37630 
13 37630 37664 
13 37630 37664 37673 
13 37630 37665 
13 37630 37673 
13 37631 
13 37638 
13 37638 37831 
13 37642 
13 37642 37662 
13 37642 37662 68685 
13 37642 68685 
13 37648 
13 37648 37750 
13 37656 
13 37656 40995 
13 37658 
13 37662 
13 37662 68685 
13 37664 
13 37664 37673 
13 37665 
13 37666 
13 37673 
13 37730 
13 37749 
13 37750 
13 37770 
13 37778 
13 37831 
13 40995 
13 41039 
13 68685 
16 
16 37607 
16 37607 37620 
16 37607 37620 37658 
16 37607 37656 
16 37607 37656 40995 
16 37607 37658 
16 37607 40995 
16 37613 
16 37613 37618 
16 37618 
16 37620 
16 37620 37658 
16 37656 
16 37656 40995 
16 37658 
16 40995 
18 
18 37605 
18 37605 37621 
18 37605 37621 37778 
18 37605 37778 
18 37607 
18 37607 37656 
18 37607 37656 40995 
18 37607 40995 
18 37613 
18 37613 37618 
18 37613 37630 
18 37613 37630 37664 
18 37613 37630 37665 
18 37613 37664 
18 37613 37665 
18 37618 
18 37621 
18 37621 37778 
18 37630 
18 37630 37664 
18 37630 37665 
18 37656 
18 37656 40995 
18 37658 
18 37664 
18 37665 
18 37778 
18 40995 
20 
20 58 
20 58 1717 
20 58 1717 37613 
20 58 3010 
20 58 3010 37613 
20 58 3320 
20 58 3320 37613 
20 58 3320 37613 37618 
20 58 3320 37618 
20 58 4561 
20 58 4561 37613 
20 58 37613 
20 58 37613 37616 
20 58 37613 37618 
20 58 37613 37642 
20 58 37613 37658 
20 58 37616 
20 58 37618 
20 58 37642 
20 58 37658 
20 1717 
20 1717 37613 
20 3010 
20 3010 37613 
20 3320 
20 3320 37613 
20 3320 37613 37618 
20 3320 37618 
20 4561 
20 4561 37613 
20 37613 
20 37613 37616 
20 37613 37618 
20 37613 37630 
20 37613 37642 
20 37613 37658 
20 37616 
20 37618 
20 37630 
20 37642 
20 37658 
21 
21 170 
21 170 37613 
21 170 37613 37630 
21 170 37613 37630 37664 
21 170 37613 37630 37664 37673 
21 170 37613 37630 37673 
21 170 37613 37664 
21 170 37613 37664 37673 
21 170 37613 37673 
21 170 37630 
21 170 37630 37664 
21 170 37630 37664 37673 
21 170 37630 37673 
21 170 37664 
21 170 37664 37673 
21 170 37673 
21 178 
21 37605 
21 37613 
21 37613 37630 
21 37613 37630 37664 
21 37613 37630 37664 37673 
21 37613 37630 37673 
21 37613 37664 
21 37613 37664 37673 
21 37613 37673 
21 37630 
21 37630 37664 
21 37630 37664 37673 
21 37630 37673 
21 37664 
21 37664 37673 
21 37673 
22 
22 173 
22 173 37613 
22 173 37613 37630 
22 173 37630 
22 179 
22 179 37613 
22 179 37613 37618 
22 179 37618 
22 37613 
22 37613 37618 
22 37613 37630 
22 37618 
22 37630 
25 
25 151 
25 151 37613 
25 151 37613 37618 
25 151 37618 
25 151 37642 
25 37613 
25 37613 37618 
25 37618 
25 37642 
26 
26 149 
26 149 37601 
26 37601 
27 
27 3473 
27 3473 37613 
27 37613 
27 37613 37618 
27 37618 
30 
30 58 
30 64 
30 64 73 
30 64 73 37605 
30 64 74 
30 64 74 37613 
30 64 74 37613 37630 
30 64 74 37613 37630 37664 
30 64 74 37613 37630 37664 37673 
30 64 74 37613 37630 37673 
30 64 74 37613 37664 
30 64 74 37613 37664 37673 
30 64 74 37613 37673 
30 64 74 37630 
30 64 74 37630 37664 
30 64 74 37630 37664 37673 
30 64 74 37630 37673 
30 64 74 37664 
30 64 74 37664 37673 
30 64 74 37673 
30 64 37605 
30 64 37613 
30 64 37613 37630 
30 64 37613 37630 37664 
30 64 37613 37630 37664 37673 
30 64 37613 37630 37673 
30 64 37613 37664 
30 64 37613 37664 37673 
30 64 37613 37673 
30 64 37630 
30 64 37630 37664 
30 64 37630 37664 37673 
30 64 37630 37673 
30 64 37664 
30 64 37664 37673 
30 64 37673 
30 65 
30 65 37605 
30 73 
30 73 37605 
30 74 
30 74 37613 
30 74 37613 37630 
30 74 37613 37630 37664 
30 74 37613 37630 37664 37673 
30 74 37613 37630 37673 
30 74 37613 37664 
30 74 37613 37664 37673 
30 74 37613 37673 
30 74 37630 
30 74 37630 37664 
30 74 37630 37664 37673 
30 74 37630 37673 
30 74 37664 
30 74 37664 37673 
30 74 37673 
30 37605 
30 37605 37621 
30 37605 37621 37770 
30 37605 37626 
30 37605 37626 37749 
30 37605 37648 
30 37605 37648 37750 
30 37605 37749 
30 37605 37750 
30 37605 37770 
30 37607 
30 37613 
30 37613 37630 
30 37613 37630 37664 
30 37613 37630 37664 37673 
30 37613 37630 37673 
30 37613 37664 
30 37613 37664 37673 
30 37613 37673 
30 37621 
30 37621 37770 
30 37626 
30 37626 37749 
30 37630 
30 37630 37664 
30 37630 37664 37673 
30 37630 37673 
30 37648 
30 37648 37750 
30 37664 
30 37664 37673 
30 37673 
30 37749 
30 37750 
30 37770 
31 
31 79 
31 79 2466 
31 79 2466 37613 
31 79 2466 37613 37616 
31 79 2466 37616 
31 79 37613 
31 79 37613 37616 
31 79 37616 
31 81 
31 81 148 
31 81 148 37607 
31 81 148 37607 37620 
31 81 148 37607 37620 37658 
31 81 148 37607 37658 
31 81 148 37620 
31 81 148 37620 37658 
31 81 148 37658 
31 81 37607 
31 81 37607 37620 
31 81 37607 37620 37658 
31 81 37607 37658 
31 81 37620 
31 81 37620 37658 
31 81 37658 
31 130 
31 148 
31 148 37607 
31 148 37607 37620 
31 148 37607 37620 37658 
31 148 37607 37658 
31 148 37620 
31 148 37620 37658 
31 148 37658 
31 2466 
31 2466 37613 
31 2466 37613 37616 
31 2466 37616 
31 37607 
31 37607 37620 
31 37607 37620 37658 
31 37607 37620 37658 42109 
31 37607 37620 42109 
31 37607 37658 
31 37607 37658 42109 
31 37607 42109 
31 37613 
31 37613 37616 
31 37616 
31 37620 
31 37620 37658 
31 37620 37658 42109 
31 37620 42109 
31 37658 
31 37658 42109 
31 42109 
38 
38 231 
38 231 37613 
38 37601 
38 37605 
38 37607 
38 37613 
38 37613 37638 
38 37638 
41 
41 2991 
41 2991 37611 
41 2991 37611 37631 
41 2991 37631 
41 37611 
41 37611 37631 
41 37631 
42 
42 58 
42 58 37613 
42 58 37613 37618 
42 58 37618 
42 62 
42 62 31471 
42 62 31471 37613 
42 62 31471 37613 37638 
42 62 31471 37638 
42 62 37613 
42 62 37613 37638 
42 62 37613 37638 37831 
42 62 37613 37831 
42 62 37638 
42 62 37638 37831 
42 62 37831 
42 64 
42 64 20483 
42 64 20483 37613 
42 64 37613 
42 20483 
42 20483 37613 
42 31471 
42 31471 37613 
42 31471 37613 37638 
42 31471 37638 
42 37613 
42 37613 37618 
42 37613 37630 
42 37613 37638 
42 37613 37638 37831 
42 37613 37831 
42 37618 
42 37630 
42 37638 
42 37638 37831 
42 37831 
48 
48 150 
48 150 37613 
48 37613 
49 
56 
56 3429 
56 3429 37613 
56 3429 37613 37618 
56 3429 37613 37642 
56 3429 37618 
56 3429 37642 
56 37613 
56 37613 37618 
56 37613 37642 
56 37618 
56 37642 
58 
58 1717 
58 1717 37613 
58 3010 
58 3010 37613 
58 3320 
58 3320 37613 
58 3320 37613 37618 
58 3320 37618 
58 4561 
58 4561 37613 
58 37605 
58 37613 
58 37613 37616 
58 37613 37618 
58 37613 37630 
58 37613 37642 
58 37613 37642 37662 
58 37613 37658 
58 37613 37662 
58 37616 
58 37618 
58 37630 
58 37642 
58 37642 37662 
58 37658 
58 37662 
62 
62 31471 
62 31471 37613 
62 31471 37613 37638 
62 31471 37638 
62 37613 
62 37613 37638 
62 37613 37638 37831 
62 37613 37831 
62 37638 
62 37638 37831 
62 37831 
64 
64 73 
64 73 37605 
64 74 
64 74 37613 
64 74 37613 37630 
64 74 37613 37630 37664 
64 74 37613 37630 37664 37673 
64 74 37613 37630 37673 
64 74 37613 37664 
64 74 37613 37664 37673 
64 74 37613 37673 
64 74 37630 
64 74 37630 37664 
64 74 37630 37664 37673 
64 74 37630 37673 
64 74 37664 
64 74 37664 37673 
64 74 37673 
64 20483 
64 20483 37613 
64 37605 
64 37613 
64 37613 37630 
64 37613 37630 37664 
64 37613 37630 37664 37673 
64 37613 37630 37673 
64 37613 37664 
64 37613 37664 37673 
64 37613 37673 
64 37630 
64 37630 37664 
64 37630 37664 37673 
64 37630 37673 
64 37664 
64 37664 37673 
64 37673 
65 
65 37605 
66 
73 
73 37605 
74 
74 37613 
74 37613 37630 
74 37613 37630 37664 
74 37613 37630 37664 37673 
74 37613 37630 37673 
74 37613 37664 
74 37613 37664 37673 
74 37613 37673 
74 37630 
74 37630 37664 
74 37630 37664 37673 
74 37630 37673 
74 37664 
74 37664 37673 
74 37673 
79 
79 2466 
79 2466 37613 
79 2466 37613 37616 
79 2466 37616 
79 37613 
79 37613 37616 
79 37616 
81 
81 148 
81 148 37607 
81 148 37607 37620 
81 148 37607 37620 37658 
81 148 37607 37658 
81 148 37620 
81 148 37620 37658 
81 148 37658 
81 37607 
81 37607 37620 
81 37607 37620 37658 
81 37607 37658 
81 37620 
81 37620 37658 
81 37658 
108 
108 130 
108 130 2618 
108 130 2618 37611 
108 130 37611 
108 2618 
108 2618 37611 
108 37611 
130 
130 2618 
130 2618 37611 
130 37607 
130 37611 
148 
148 37607 
148 37607 37620 
148 37607 37620 37658 
148 37607 37658 
148 37620 
148 37620 37658 
148 37658 
149 
149 37601 
150 
150 37613 
151 
151 37613 
151 37613 37618 
151 37618 
151 37642 
170 
170 37613 
170 37613 37630 
170 37613 37630 37664 
170 37613 37630 37664 37673 
170 37613 37630 37673 
170 37613 37664 
170 37613 37664 37673 
170 37613 37673 
170 37630 
170 37630 37664 
170 37630 37664 37673 
170 37630 37673 
170 37664 
170 37664 37673 
170 37673 
173 
173 37613 
173 37613 37630 
173 37630 
178 
179 
179 37613 
179 37613 37618 
179 37618 
231 
231 37613 
1717 
1717 37613 
2466 
2466 37613 
2466 37613 37616 
2466 37616 
2618 
2618 37611 
2991 
2991 37611 
2991 37611 37631 
2991 37631 
3010 
3010 37613 
3033 
3320 
3320 37613 
3320 37613 37618 
3320 37618 
3429 
3429 37613 
3429 37613 37618 
3429 37613 37642 
3429 37618 
3429 37642 
3473 
3473 37613 
4561 
4561 37613 
20483 
20483 37613 
31471 
31471 37613 
31471 37613 37638 
31471 37638 
37601 
37605 
37605 37618 
37605 37621 
37605 37621 37770 
37605 37621 37778 
37605 37622 
37605 37622 37773 
37605 37622 37779 
37605 37626 
37605 37626 37749 
37605 37648 
37605 37648 37750 
37605 37749 
37605 37750 
37605 37770 
37605 37773 
37605 37778 
37605 37779 
37607 
37607 37620 
37607 37620 37658 
37607 37620 37658 39298 
37607 37620 37658 40579 
37607 37620 37658 40886 
37607 37620 37658 42109 
37607 37620 39298 
37607 37620 40579 
37607 37620 40886 
37607 37620 42109 
37607 37627 
37607 37627 41039 
37607 37641 
37607 37641 40560 
37607 37656 
37607 37656 40995 
37607 37658 
37607 37658 39298 
37607 37658 40579 
37607 37658 40886 
37607 37658 42109 
37607 39298 
37607 40560 
37607 40579 
37607 40602 
37607 40886 
37607 40995 
37607 41039 
37607 42109 
37608 
37608 37708 
37608 37708 37730 
37608 37708 37730 40191 
37608 37708 40191 
37608 37730 
37608 37730 40191 
37608 40191 
37611 
37611 37631 
37611 37631 37679 
37611 37631 37679 40039 
37611 37631 37681 
37611 37631 37681 37748 
37611 37631 37730 
37611 37631 37748 
37611 37631 40039 
37611 37679 
37611 37679 40039 
37611 37681 
37611 37681 37748 
37611 37730 
37611 37748 
37611 40039 
37613 
37613 37616 
37613 37618 
37613 37630 
37613 37630 37658 
37613 37630 37664 
37613 37630 37664 37673 
37613 37630 37664 37674 
37613 37630 37665 
37613 37630 37673 
37613 37630 37674 
37613 37638 
37613 37638 37831 
37613 37642 
37613 37642 37658 
37613 37642 37662 
37613 37642 37662 68685 
37613 37642 68685 
37613 37658 
37613 37662 
37613 37662 68685 
37613 37664 
37613 37664 37673 
37613 37664 37674 
37613 37665 
37613 37666 
37613 37673 
37613 37674 
37613 37831 
37613 68685 
37616 
37618 
37620 
37620 37658 
37620 37658 39298 
37620 37658 40579 
37620 37658 40886 
37620 37658 42109 
37620 39298 
37620 40579 
37620 40886 
37620 42109 
37621 
37621 37770 
37621 37778 
37622 
37622 37773 
37622 37779 
37626 
37626 37749 
37627 
37627 41039 
37630 
37630 37658 
37630 37664 
37630 37664 37673 
37630 37664 37674 
37630 37665 
37630 37673 
37630 37674 
37631 
37631 37679 
37631 37679 40039 
37631 37681 
37631 37681 37748 
37631 37730 
37631 37748 
37631 40039 
37638 
37638 37831 
37641 
37641 40560 
37642 
37642 37658 
37642 37662 
37642 37662 68685 
37642 68685 
37648 
37648 37750 
37649 
37656 
37656 40995 
37658 
37658 39298 
37658 40579 
37658 40886 
37658 42109 
37662 
37662 68685 
37664 
37664 37673 
37664 37674 
37665 
37666 
37673 
37674 
37679 
37679 40039 
37681 
37681 37748 
37708 
37708 37730 
37708 37730 40191 
37708 40191 
37730 
37730 40191 
37748 
37749 
37750 
37770 
37773 
37778 
37779 
37831 
39298 
40039 
40191 
40560 
40579 
40602 
40886 
40995 
41039 
42109 
68685 
74719 
74719 5 
74719 5 25 
74719 5 25 151 
74719 5 25 151 37613 
74719 5 25 151 37613 37618 
74719 5 25 151 37618 
74719 5 25 151 37642 
74719 5 25 37613 
74719 5 25 37613 37618 
74719 5 25 37618 
74719 5 25 37642 
74719 5 151 
74719 5 151 37613 
74719 5 151 37613 37618 
74719 5 151 37618 
74719 5 151 37642 
74719 5 37613 
74719 5 37613 37618 
74719 5 37618 
74719 5 37642 
74719 25 
74719 25 151 
74719 25 151 37613 
74719 25 151 37613 37618 
74719 25 151 37618 
74719 25 151 37642 
74719 25 37613 
74719 25 37613 37618 
74719 25 37618 
74719 25 37642 
74719 151 
74719 151 37613 
74719 151 37613 37618 
74719 151 37618 
74719 151 37642 
74719 37613 
74719 37613 37618 
74719 37618 
74719 37642 
74723 
74723 1 
74723 5 
74723 5 22 
74723 5 22 179 
74723 5 22 37613 
74723 5 179 
74723 5 37613 
74723 7 
74723 7 20 
74723 7 20 58 
74723 7 20 58 37613 
74723 7 20 37613 
74723 7 58 
74723 7 58 37613 
74723 7 37613 
74723 7 37613 37618 
74723 7 37618 
74723 13 
74723 13 16 
74723 13 18 
74723 13 18 37613 
74723 13 30 
74723 13 30 64 
74723 13 30 64 73 
74723 13 30 64 37605 
74723 13 30 65 
74723 13 30 73 
74723 13 30 37605 
74723 13 30 37605 37621 
74723 13 30 37605 37621 37770 
74723 13 30 37605 37770 
74723 13 30 37621 
74723 13 30 37621 37770 
74723 13 30 37770 
74723 13 42 
74723 13 42 58 
74723 13 42 58 37613 
74723 13 42 62 
74723 13 42 62 37613 
74723 13 42 62 37613 37638 
74723 13 42 62 37638 
74723 13 42 37613 
74723 13 42 37613 37638 
74723 13 42 37638 
74723 13 58 
74723 13 58 37613 
74723 13 62 
74723 13 62 37613 
74723 13 62 37613 37638 
74723 13 62 37638 
74723 13 64 
74723 13 64 73 
74723 13 64 37605 
74723 13 64 37613 
74723 13 64 37613 37630 
74723 13 64 37630 
74723 13 65 
74723 13 73 
74723 13 37605 
74723 13 37605 37621 
74723 13 37605 37621 37770 
74723 13 37605 37770 
74723 13 37607 
74723 13 37607 37656 
74723 13 37607 37656 40995 
74723 13 37607 40995 
74723 13 37613 
74723 13 37613 37618 
74723 13 37613 37630 
74723 13 37613 37630 37664 
74723 13 37613 37638 
74723 13 37613 37664 
74723 13 37618 
74723 13 37621 
74723 13 37621 37770 
74723 13 37630 
74723 13 37630 37664 
74723 13 37638 
74723 13 37656 
74723 13 37656 40995 
74723 13 37664 
74723 13 37770 
74723 13 40995 
74723 16 
74723 18 
74723 18 37613 
74723 20 
74723 20 58 
74723 20 58 37613 
74723 20 37613 
74723 22 
74723 22 179 
74723 22 37613 
74723 30 
74723 30 64 
74723 30 64 73 
74723 30 64 37605 
74723 30 65 
74723 30 73 
74723 30 37605 
74723 30 37605 37621 
74723 30 37605 37621 37770 
74723 30 37605 37770 
74723 30 37621 
74723 30 37621 37770 
74723 30 37770 
74723 42 
74723 42 58 
74723 42 58 37613 
74723 42 62 
74723 42 62 37613 
74723 42 62 37613 37638 
74723 42 62 37638 
74723 42 37613 
74723 42 37613 37638 
74723 42 37638 
74723 58 
74723 58 37613 
74723 58 37613 37618 
74723 58 37618 
74723 62 
74723 62 37613 
74723 62 37613 37638 
74723 62 37638 
74723 64 
74723 64 73 
74723 64 37605 
74723 64 37613 
74723 64 37613 37630 
74723 64 37630 
74723 65 
74723 73 
74723 130 
74723 179 
74723 37605 
74723 37605 37621 
74723 37605 37621 37770 
74723 37605 37770 
74723 37607 
74723 37607 37620 
74723 37607 37656 
74723 37607 37656 40995 
74723 37607 40995 
74723 37613 
74723 37613 37618 
74723 37613 37630 
74723 37613 37630 37664 
74723 37613 37630 37665 
74723 37613 37638 
74723 37613 37642 
74723 37613 37664 
74723 37613 37665 
74723 37618 
74723 37620 
74723 37621 
74723 37621 37770 
74723 37630 
74723 37630 37664 
74723 37630 37665 
74723 37638 
74723 37642 
74723 37656 
74723 37656 40995 
74723 37658 
74723 37664 
74723 37665 
74723 37770 
74723 40995 
74723 74736 
74723 74736 13 
74723 74739 
74723 74739 5 
74723 74739 13 
74723 74739 13 30 
74723 74739 13 30 64 
74723 74739 13 30 64 73 
74723 74739 13 30 73 
74723 74739 13 64 
74723 74739 13 64 73 
74723 74739 13 73 
74723 74739 13 37613 
74723 74739 30 
74723 74739 30 64 
74723 74739 30 64 73 
74723 74739 30 73 
74723 74739 64 
74723 74739 64 73 
74723 74739 73 
74723 74739 37613 
74723 74739 37613 37618 
74723 74739 37618 
74723 74739 74888 
74723 74739 74888 13 
74723 74739 74888 13 30 
74723 74739 74888 13 30 64 
74723 74739 74888 13 30 64 73 
74723 74739 74888 13 30 73 
74723 74739 74888 13 64 
74723 74739 74888 13 64 73 
74723 74739 74888 13 73 
74723 74739 74888 13 37613 
74723 74739 74888 30 
74723 74739 74888 30 64 
74723 74739 74888 30 64 73 
74723 74739 74888 30 73 
74723 74739 74888 64 
74723 74739 74888 64 73 
74723 74739 74888 73 
74723 74739 74888 37613 
74723 74739 74896 
74723 74739 74896 37613 
74723 74739 74896 37613 37618 
74723 74739 74896 37618 
74723 74740 
74723 74740 13 
74723 74740 13 18 
74723 74740 13 30 
74723 74740 13 30 37605 
74723 74740 13 37605 
74723 74740 13 37613 
74723 74740 18 
74723 74740 30 
74723 74740 30 37605 
74723 74740 37605 
74723 74740 37613 
74723 74740 74891 
74723 74740 74891 13 
74723 74740 74891 13 30 
74723 74740 74891 13 30 37605 
74723 74740 74891 13 37605 
74723 74740 74891 30 
74723 74740 74891 30 37605 
74723 74740 74891 37605 
74723 74740 74897 
74723 74740 74897 13 
74723 74740 74897 13 18 
74723 74740 74897 18 
74723 74743 
74723 74743 13 
74723 74743 13 18 
74723 74743 13 37613 
74723 74743 18 
74723 74743 42 
74723 74743 37613 
74723 74743 74869 
74723 74743 74869 13 
74723 74743 74869 13 18 
74723 74743 74869 13 37613 
74723 74743 74869 18 
74723 74743 74869 42 
74723 74743 74869 37613 
74723 74744 
74723 74744 1 
74723 74744 74867 
74723 74744 74867 1 
74723 74766 
74723 74766 13 
74723 74766 13 37613 
74723 74766 37613 
74723 74766 37613 37630 
74723 74766 37630 
74723 74766 74868 
74723 74766 74868 13 
74723 74766 74868 13 37613 
74723 74766 74868 37613 
74723 74766 74868 37613 37630 
74723 74766 74868 37630 
74723 74867 
74723 74867 1 
74723 74868 
74723 74868 13 
74723 74868 13 37613 
74723 74868 37613 
74723 74868 37613 37630 
74723 74868 37630 
74723 74869 
74723 74869 13 
74723 74869 13 18 
74723 74869 13 37613 
74723 74869 18 
74723 74869 42 
74723 74869 37613 
74723 74888 
74723 74888 13 
74723 74888 13 30 
74723 74888 13 30 64 
74723 74888 13 30 64 73 
74723 74888 13 30 73 
74723 74888 13 64 
74723 74888 13 64 73 
74723 74888 13 73 
74723 74888 13 37613 
74723 74888 30 
74723 74888 30 64 
74723 74888 30 64 73 
74723 74888 30 73 
74723 74888 64 
74723 74888 64 73 
74723 74888 73 
74723 74888 37613 
74723 74891 
74723 74891 13 
74723 74891 13 30 
74723 74891 13 30 37605 
74723 74891 13 37605 
74723 74891 30 
74723 74891 30 37605 
74723 74891 37605 
74723 74896 
74723 74896 37613 
74723 74896 37613 37618 
74723 74896 37618 
74723 74897 
74723 74897 13 
74723 74897 13 18 
74723 74897 18 
74725 
74725 5 
74725 5 22 
74725 5 22 37613 
74725 5 37613 
74725 11 
74725 11 31 
74725 13 
74725 13 16 
74725 13 16 37613 
74725 13 18 
74725 13 18 37605 
74725 13 18 37607 
74725 13 18 37613 
74725 13 30 
74725 13 30 37605 
74725 13 42 
74725 13 42 58 
74725 13 42 58 37613 
74725 13 42 62 
74725 13 42 62 37613 
74725 13 42 62 37613 37638 
74725 13 42 62 37638 
74725 13 42 37613 
74725 13 42 37613 37638 
74725 13 42 37638 
74725 13 58 
74725 13 58 37613 
74725 13 62 
74725 13 62 37613 
74725 13 62 37613 37638 
74725 13 62 37638 
74725 13 37605 
74725 13 37605 37648 
74725 13 37605 37648 37750 
74725 13 37605 37750 
74725 13 37607 
74725 13 37607 37656 
74725 13 37607 37656 40995 
74725 13 37607 40995 
74725 13 37613 
74725 13 37613 37618 
74725 13 37613 37638 
74725 13 37618 
74725 13 37638 
74725 13 37648 
74725 13 37648 37750 
74725 13 37656 
74725 13 37656 40995 
74725 13 37750 
74725 13 40995 
74725 16 
74725 16 37613 
74725 18 
74725 18 37605 
74725 18 37607 
74725 18 37613 
74725 22 
74725 22 37613 
74725 30 
74725 30 37605 
74725 31 
74725 42 
74725 42 58 
74725 42 58 37613 
74725 42 62 
74725 42 62 37613 
74725 42 62 37613 37638 
74725 42 62 37638 
74725 42 37613 
74725 42 37613 37638 
74725 42 37638 
74725 58 
74725 58 37613 
74725 62 
74725 62 37613 
74725 62 37613 37638 
74725 62 37638 
74725 37605 
74725 37605 37648 
74725 37605 37648 37750 
74725 37605 37750 
74725 37607 
74725 37607 37620 
74725 37607 37620 37658 
74725 37607 37656 
74725 37607 37656 40995 
74725 37607 37658 
74725 37607 40995 
74725 37613 
74725 37613 37616 
74725 37613 37618 
74725 37613 37630 
74725 37613 37638 
74725 37616 
74725 37618 
74725 37620 
74725 37620 37658 
74725 37630 
74725 37638 
74725 37642 
74725 37648 
74725 37648 37750 
74725 37656 
74725 37656 40995 
74725 37658 
74725 37730 
74725 37750 
74725 40995 
74725 74738 
74725 74738 13 
74725 74738 13 16 
74725 74738 13 18 
74725 74738 13 18 37607 
74725 74738 13 30 
74725 74738 13 42 
74725 74738 13 42 37613 
74725 74738 13 58 
74725 74738 13 37605 
74725 74738 13 37607 
74725 74738 13 37613 
74725 74738 13 37613 37638 
74725 74738 13 37618 
74725 74738 13 37638 
74725 74738 16 
74725 74738 18 
74725 74738 18 37607 
74725 74738 30 
74725 74738 42 
74725 74738 42 37613 
74725 74738 58 
74725 74738 37605 
74725 74738 37607 
74725 74738 37613 
74725 74738 37613 37618 
74725 74738 37613 37638 
74725 74738 37618 
74725 74738 37638 
74725 74738 37730 
74725 74738 74776 
74725 74738 74776 13 
74725 74738 74776 13 16 
74725 74738 74776 13 18 
74725 74738 74776 13 18 37607 
74725 74738 74776 13 42 
74725 74738 74776 13 42 37613 
74725 74738 74776 13 58 
74725 74738 74776 13 37605 
74725 74738 74776 13 37607 
74725 74738 74776 13 37613 
74725 74738 74776 13 37618 
74725 74738 74776 16 
74725 74738 74776 18 
74725 74738 74776 18 37607 
74725 74738 74776 42 
74725 74738 74776 42 37613 
74725 74738 74776 58 
74725 74738 74776 37605 
74725 74738 74776 37607 
74725 74738 74776 37613 
74725 74738 74776 37613 37618 
74725 74738 74776 37618 
74725 74738 74776 76435 
74725 74738 74776 76435 13 
74725 74738 74776 77728 
74725 74738 74776 77728 13 
74725 74738 74776 78038 
74725 74738 74776 78038 13 
74725 74738 74776 78038 13 18 
74725 74738 74776 78038 18 
74725 74738 74776 79279 
74725 74738 74776 79279 13 
74725 74738 74776 79279 37613 
74725 74738 76435 
74725 74738 76435 13 
74725 74738 77728 
74725 74738 77728 13 
74725 74738 78038 
74725 74738 78038 13 
74725 74738 78038 13 18 
74725 74738 78038 18 
74725 74738 79279 
74725 74738 79279 13 
74725 74738 79279 37613 
74725 74745 
74725 74745 13 
74725 74745 13 18 
74725 74745 13 37613 
74725 74745 18 
74725 74745 37613 
74725 74745 78191 
74725 74745 78191 13 
74725 74745 78191 37613 
74725 74759 
74725 74759 11 
74725 74759 11 31 
74725 74759 31 
74725 74759 77709 
74725 74759 77709 11 
74725 74759 77709 11 31 
74725 74759 77709 31 
74725 74774 
74725 74774 13 
74725 74774 13 18 
74725 74774 13 42 
74725 74774 13 42 37613 
74725 74774 13 37613 
74725 74774 18 
74725 74774 42 
74725 74774 42 37613 
74725 74774 37613 
74725 74774 78147 
74725 74774 78147 13 
74725 74774 78147 13 18 
74725 74774 78147 13 42 
74725 74774 78147 13 42 37613 
74725 74774 78147 13 37613 
74725 74774 78147 18 
74725 74774 78147 42 
74725 74774 78147 42 37613 
74725 74774 78147 37613 
74725 74776 
74725 74776 13 
74725 74776 13 16 
74725 74776 13 18 
74725 74776 13 18 37607 
74725 74776 13 42 
74725 74776 13 42 37613 
74725 74776 13 58 
74725 74776 13 37605 
74725 74776 13 37607 
74725 74776 13 37613 
74725 74776 13 37618 
74725 74776 16 
74725 74776 18 
74725 74776 18 37607 
74725 74776 42 
74725 74776 42 37613 
74725 74776 58 
74725 74776 37605 
74725 74776 37607 
74725 74776 37613 
74725 74776 37613 37618 
74725 74776 37618 
74725 74776 76435 
74725 74776 76435 13 
74725 74776 77728 
74725 74776 77728 13 
74725 74776 78038 
74725 74776 78038 13 
74725 74776 78038 13 18 
74725 74776 78038 18 
74725 74776 79279 
74725 74776 79279 13 
74725 74776 79279 37613 
74725 76435 
74725 76435 13 
74725 77709 
74725 77709 11 
74725 77709 11 31 
74725 77709 31 
74725 77728 
74725 77728 13 
74725 77751 
74725 78038 
74725 78038 13 
74725 78038 13 18 
74725 78038 18 
74725 78147 
74725 78147 13 
74725 78147 13 18 
74725 78147 13 42 
74725 78147 13 42 37613 
74725 78147 13 37613 
74725 78147 18 
74725 78147 42 
74725 78147 42 37613 
74725 78147 37613 
74725 78191 
74725 78191 13 
74725 78191 37613 
74725 79279 
74725 79279 13 
74725 79279 37613 
74726 
74726 11 
74726 74826 
74726 74826 11 
74726 74826 74848 
74726 74826 74848 11 
74726 74826 74848 77336 
74726 74826 74848 77336 11 
74726 74826 77336 
74726 74826 77336 11 
74726 74848 
74726 74848 11 
74726 74848 77336 
74726 74848 77336 11 
74726 77336 
74726 77336 11 
74729 
74729 7 
74729 7 20 
74729 7 20 58 
74729 7 20 58 4561 
74729 7 20 58 4561 37613 
74729 7 20 58 37613 
74729 7 20 58 37613 37618 
74729 7 20 58 37618 
74729 7 20 4561 
74729 7 20 4561 37613 
74729 7 20 37613 
74729 7 20 37613 37618 
74729 7 20 37618 
74729 7 58 
74729 7 58 4561 
74729 7 58 4561 37613 
74729 7 58 37613 
74729 7 58 37613 37618 
74729 7 58 37618 
74729 7 4561 
74729 7 4561 37613 
74729 7 37613 
74729 7 37613 37618 
74729 7 37618 
74729 13 
74729 13 16 
74729 13 16 37607 
74729 13 37607 
74729 16 
74729 16 37607 
74729 20 
74729 20 58 
74729 20 58 4561 
74729 20 58 4561 37613 
74729 20 58 37613 
74729 20 58 37613 37618 
74729 20 58 37618 
74729 20 4561 
74729 20 4561 37613 
74729 20 37613 
74729 20 37613 37618 
74729 20 37618 
74729 58 
74729 58 4561 
74729 58 4561 37613 
74729 58 37613 
74729 58 37613 37618 
74729 58 37618 
74729 4561 
74729 4561 37613 
74729 37607 
74729 37607 37620 
74729 37607 37620 37658 
74729 37607 37658 
74729 37613 
74729 37613 37618 
74729 37618 
74729 37620 
74729 37620 37658 
74729 37658 
74729 74749 
74729 74749 7 
74729 74749 7 20 
74729 74749 7 20 58 
74729 74749 7 20 58 4561 
74729 74749 7 20 58 4561 37613 
74729 74749 7 20 58 37613 
74729 74749 7 20 58 37613 37618 
74729 74749 7 20 58 37618 
74729 74749 7 20 4561 
74729 74749 7 20 4561 37613 
74729 74749 7 20 37613 
74729 74749 7 20 37613 37618 
74729 74749 7 20 37618 
74729 74749 7 58 
74729 74749 7 58 4561 
74729 74749 7 58 4561 37613 
74729 74749 7 58 37613 
74729 74749 7 58 37613 37618 
74729 74749 7 58 37618 
74729 74749 7 4561 
74729 74749 7 4561 37613 
74729 74749 7 37613 
74729 74749 7 37613 37618 
74729 74749 7 37618 
74729 74749 13 
74729 74749 13 16 
74729 74749 13 16 37607 
74729 74749 13 37607 
74729 74749 16 
74729 74749 16 37607 
74729 74749 20 
74729 74749 20 58 
74729 74749 20 58 4561 
74729 74749 20 58 4561 37613 
74729 74749 20 58 37613 
74729 74749 20 58 37613 37618 
74729 74749 20 58 37618 
74729 74749 20 4561 
74729 74749 20 4561 37613 
74729 74749 20 37613 
74729 74749 20 37613 37618 
74729 74749 20 37618 
74729 74749 58 
74729 74749 58 4561 
74729 74749 58 4561 37613 
74729 74749 58 37613 
74729 74749 58 37613 37618 
74729 74749 58 37618 
74729 74749 4561 
74729 74749 4561 37613 
74729 74749 37607 
74729 74749 37613 
74729 74749 37613 37618 
74729 74749 37618 
74729 74749 37658 
74729 74749 74797 
74729 74749 74797 13 
74729 74749 74797 13 16 
74729 74749 74797 13 16 37607 
74729 74749 74797 13 37607 
74729 74749 74797 16 
74729 74749 74797 16 37607 
74729 74749 74797 37607 
74729 74749 74797 77184 
74729 74749 74797 77184 13 
74729 74749 74797 77184 13 16 
74729 74749 74797 77184 13 16 37607 
74729 74749 74797 77184 13 37607 
74729 74749 74797 77184 16 
74729 74749 74797 77184 16 37607 
74729 74749 74797 77184 37607 
74729 74749 74799 
74729 74749 74799 7 
74729 74749 74799 7 20 
74729 74749 74799 7 20 58 
74729 74749 74799 7 20 58 37613 
74729 74749 74799 7 20 37613 
74729 74749 74799 7 58 
74729 74749 74799 7 58 37613 
74729 74749 74799 7 37613 
74729 74749 74799 20 
74729 74749 74799 20 58 
74729 74749 74799 20 58 37613 
74729 74749 74799 20 37613 
74729 74749 74799 58 
74729 74749 74799 58 37613 
74729 74749 74799 37613 
74729 74749 74799 74866 
74729 74749 74799 74866 7 
74729 74749 74799 74866 7 20 
74729 74749 74799 74866 7 20 58 
74729 74749 74799 74866 7 20 58 37613 
74729 74749 74799 74866 7 20 37613 
74729 74749 74799 74866 7 58 
74729 74749 74799 74866 7 58 37613 
74729 74749 74799 74866 7 37613 
74729 74749 74799 74866 20 
74729 74749 74799 74866 20 58 
74729 74749 74799 74866 20 58 37613 
74729 74749 74799 74866 20 37613 
74729 74749 74799 74866 58 
74729 74749 74799 74866 58 37613 
74729 74749 74799 74866 37613 
74729 74749 74848 
74729 74749 74866 
74729 74749 74866 7 
74729 74749 74866 7 20 
74729 74749 74866 7 20 58 
74729 74749 74866 7 20 58 37613 
74729 74749 74866 7 20 37613 
74729 74749 74866 7 58 
74729 74749 74866 7 58 37613 
74729 74749 74866 7 37613 
74729 74749 74866 20 
74729 74749 74866 20 58 
74729 74749 74866 20 58 37613 
74729 74749 74866 20 37613 
74729 74749 74866 58 
74729 74749 74866 58 37613 
74729 74749 74866 37613 
74729 74749 77184 
74729 74749 77184 13 
74729 74749 77184 13 16 
74729 74749 77184 13 16 37607 
74729 74749 77184 13 37607 
74729 74749 77184 16 
74729 74749 77184 16 37607 
74729 74749 77184 37607 
74729 74797 
74729 74797 13 
74729 74797 13 16 
74729 74797 13 16 37607 
74729 74797 13 37607 
74729 74797 16 
74729 74797 16 37607 
74729 74797 37607 
74729 74797 77184 
74729 74797 77184 13 
74729 74797 77184 13 16 
74729 74797 77184 13 16 37607 
74729 74797 77184 13 37607 
74729 74797 77184 16 
74729 74797 77184 16 37607 
74729 74797 77184 37607 
74729 74799 
74729 74799 7 
74729 74799 7 20 
74729 74799 7 20 58 
74729 74799 7 20 58 37613 
74729 74799 7 20 37613 
74729 74799 7 58 
74729 74799 7 58 37613 
74729 74799 7 37613 
74729 74799 20 
74729 74799 20 58 
74729 74799 20 58 37613 
74729 74799 20 37613 
74729 74799 58 
74729 74799 58 37613 
74729 74799 37613 
74729 74799 74866 
74729 74799 74866 7 
74729 74799 74866 7 20 
74729 74799 74866 7 20 58 
74729 74799 74866 7 20 58 37613 
74729 74799 74866 7 20 37613 
74729 74799 74866 7 58 
74729 74799 74866 7 58 37613 
74729 74799 74866 7 37613 
74729 74799 74866 20 
74729 74799 74866 20 58 
74729 74799 74866 20 58 37613 
74729 74799 74866 20 37613 
74729 74799 74866 58 
74729 74799 74866 58 37613 
74729 74799 74866 37613 
74729 74848 
74729 74848 7 
74729 74848 37613 
74729 74866 
74729 74866 7 
74729 74866 7 20 
74729 74866 7 20 58 
74729 74866 7 20 58 37613 
74729 74866 7 20 37613 
74729 74866 7 58 
74729 74866 7 58 37613 
74729 74866 7 37613 
74729 74866 20 
74729 74866 20 58 
74729 74866 20 58 37613 
74729 74866 20 37613 
74729 74866 58 
74729 74866 58 37613 
74729 74866 37607 
74729 74866 37613 
74729 77184 
74729 77184 13 
74729 77184 13 16 
74729 77184 13 16 37607 
74729 77184 13 37607 
74729 77184 16 
74729 77184 16 37607 
74729 77184 37607 
74731 
74731 1 
74731 5 
74731 5 21 
74731 5 21 170 
74731 5 21 170 37613 
74731 5 21 170 37613 37630 
74731 5 21 170 37613 37630 37664 
74731 5 21 170 37613 37630 37664 37673 
74731 5 21 170 37613 37630 37673 
74731 5 21 170 37613 37664 
74731 5 21 170 37613 37664 37673 
74731 5 21 170 37613 37673 
74731 5 21 170 37630 
74731 5 21 170 37630 37664 
74731 5 21 170 37630 37664 37673 
74731 5 21 170 37630 37673 
74731 5 21 170 37664 
74731 5 21 170 37664 37673 
74731 5 21 170 37673 
74731 5 21 178 
74731 5 21 37613 
74731 5 21 37613 37630 
74731 5 21 37613 37630 37664 
74731 5 21 37613 37630 37664 37673 
74731 5 21 37613 37630 37673 
74731 5 21 37613 37664 
74731 5 21 37613 37664 37673 
74731 5 21 37613 37673 
74731 5 21 37630 
74731 5 21 37630 37664 
74731 5 21 37630 37664 37673 
74731 5 21 37630 37673 
74731 5 21 37664 
74731 5 21 37664 37673 
74731 5 21 37673 
74731 5 26 
74731 5 26 149 
74731 5 26 149 37601 
74731 5 26 37601 
74731 5 48 
74731 5 48 150 
74731 5 48 150 37613 
74731 5 48 37613 
74731 5 149 
74731 5 149 37601 
74731 5 150 
74731 5 150 37613 
74731 5 170 
74731 5 170 37613 
74731 5 170 37613 37630 
74731 5 170 37613 37630 37664 
74731 5 170 37613 37630 37664 37673 
74731 5 170 37613 37630 37673 
74731 5 170 37613 37664 
74731 5 170 37613 37664 37673 
74731 5 170 37613 37673 
74731 5 170 37630 
74731 5 170 37630 37664 
74731 5 170 37630 37664 37673 
74731 5 170 37630 37673 
74731 5 170 37664 
74731 5 170 37664 37673 
74731 5 170 37673 
74731 5 178 
74731 5 37601 
74731 5 37605 
74731 5 37605 37622 
74731 5 37607 
74731 5 37613 
74731 5 37613 37618 
74731 5 37613 37630 
74731 5 37613 37630 37664 
74731 5 37613 37630 37664 37673 
74731 5 37613 37630 37673 
74731 5 37613 37642 
74731 5 37613 37664 
74731 5 37613 37664 37673 
74731 5 37613 37673 
74731 5 37618 
74731 5 37622 
74731 5 37630 
74731 5 37630 37664 
74731 5 37630 37664 37673 
74731 5 37630 37673 
74731 5 37642 
74731 5 37658 
74731 5 37664 
74731 5 37664 37673 
74731 5 37673 
74731 7 
74731 7 20 
74731 7 20 58 
74731 7 20 58 37613 
74731 7 20 37613 
74731 7 27 
74731 7 27 3473 
74731 7 27 3473 37613 
74731 7 27 37613 
74731 7 56 
74731 7 56 3429 
74731 7 56 3429 37613 
74731 7 56 3429 37613 37618 
74731 7 56 3429 37613 37642 
74731 7 56 3429 37618 
74731 7 56 3429 37642 
74731 7 56 37613 
74731 7 56 37613 37618 
74731 7 56 37613 37642 
74731 7 56 37618 
74731 7 56 37642 
74731 7 58 
74731 7 58 37613 
74731 7 3429 
74731 7 3429 37613 
74731 7 3429 37613 37618 
74731 7 3429 37613 37642 
74731 7 3429 37618 
74731 7 3429 37642 
74731 7 3473 
74731 7 3473 37613 
74731 7 37613 
74731 7 37613 37616 
74731 7 37613 37618 
74731 7 37613 37630 
74731 7 37613 37642 
74731 7 37613 37642 37658 
74731 7 37613 37658 
74731 7 37616 
74731 7 37618 
74731 7 37630 
74731 7 37642 
74731 7 37642 37658 
74731 7 37658 
74731 8 
74731 11 
74731 11 31 
74731 11 37607 
74731 13 
74731 13 16 
74731 13 18 
74731 13 18 37605 
74731 13 18 37613 
74731 13 30 
74731 13 30 64 
74731 13 30 64 73 
74731 13 30 64 73 37605 
74731 13 30 64 37605 
74731 13 30 65 
74731 13 30 73 
74731 13 30 73 37605 
74731 13 30 37605 
74731 13 30 37605 37648 
74731 13 30 37605 37648 37750 
74731 13 30 37605 37750 
74731 13 30 37613 
74731 13 30 37648 
74731 13 30 37648 37750 
74731 13 30 37750 
74731 13 38 
74731 13 38 231 
74731 13 38 231 37613 
74731 13 38 37601 
74731 13 38 37607 
74731 13 38 37613 
74731 13 38 37613 37638 
74731 13 38 37638 
74731 13 42 
74731 13 42 62 
74731 13 42 62 31471 
74731 13 42 62 31471 37613 
74731 13 42 62 31471 37613 37638 
74731 13 42 62 31471 37638 
74731 13 42 62 37613 
74731 13 42 62 37613 37638 
74731 13 42 62 37638 
74731 13 42 31471 
74731 13 42 31471 37613 
74731 13 42 31471 37613 37638 
74731 13 42 31471 37638 
74731 13 42 37613 
74731 13 42 37613 37638 
74731 13 42 37638 
74731 13 62 
74731 13 62 31471 
74731 13 62 31471 37613 
74731 13 62 31471 37613 37638 
74731 13 62 31471 37638 
74731 13 62 37613 
74731 13 62 37613 37638 
74731 13 62 37638 
74731 13 64 
74731 13 64 73 
74731 13 64 73 37605 
74731 13 64 37605 
74731 13 65 
74731 13 66 
74731 13 73 
74731 13 73 37605 
74731 13 231 
74731 13 231 37613 
74731 13 31471 
74731 13 31471 37613 
74731 13 31471 37613 37638 
74731 13 31471 37638 
74731 13 37601 
74731 13 37605 
74731 13 37605 37621 
74731 13 37605 37648 
74731 13 37605 37648 37750 
74731 13 37605 37750 
74731 13 37607 
74731 13 37607 37627 
74731 13 37613 
74731 13 37613 37618 
74731 13 37613 37630 
74731 13 37613 37638 
74731 13 37613 37642 
74731 13 37613 37642 37662 
74731 13 37613 37662 
74731 13 37618 
74731 13 37621 
74731 13 37627 
74731 13 37630 
74731 13 37638 
74731 13 37642 
74731 13 37642 37662 
74731 13 37648 
74731 13 37648 37750 
74731 13 37658 
74731 13 37662 
74731 13 37750 
74731 16 
74731 18 
74731 18 37605 
74731 18 37607 
74731 18 37613 
74731 18 37613 37630 
74731 18 37618 
74731 18 37630 
74731 20 
74731 20 58 
74731 20 58 37613 
74731 20 37613 
74731 21 
74731 21 170 
74731 21 170 37613 
74731 21 170 37613 37630 
74731 21 170 37613 37630 37664 
74731 21 170 37613 37630 37664 37673 
74731 21 170 37613 37630 37673 
74731 21 170 37613 37664 
74731 21 170 37613 37664 37673 
74731 21 170 37613 37673 
74731 21 170 37630 
74731 21 170 37630 37664 
74731 21 170 37630 37664 37673 
74731 21 170 37630 37673 
74731 21 170 37664 
74731 21 170 37664 37673 
74731 21 170 37673 
74731 21 178 
74731 21 37613 
74731 21 37613 37630 
74731 21 37613 37630 37664 
74731 21 37613 37630 37664 37673 
74731 21 37613 37630 37673 
74731 21 37613 37664 
74731 21 37613 37664 37673 
74731 21 37613 37673 
74731 21 37630 
74731 21 37630 37664 
74731 21 37630 37664 37673 
74731 21 37630 37673 
74731 21 37664 
74731 21 37664 37673 
74731 21 37673 
74731 26 
74731 26 149 
74731 26 149 37601 
74731 26 37601 
74731 27 
74731 27 3473 
74731 27 3473 37613 
74731 27 37613 
74731 30 
74731 30 64 
74731 30 64 73 
74731 30 64 73 37605 
74731 30 64 37605 
74731 30 65 
74731 30 73 
74731 30 73 37605 
74731 30 37605 
74731 30 37605 37648 
74731 30 37605 37648 37750 
74731 30 37605 37750 
74731 30 37613 
74731 30 37648 
74731 30 37648 37750 
74731 30 37750 
74731 31 
74731 38 
74731 38 231 
74731 38 231 37613 
74731 38 37601 
74731 38 37607 
74731 38 37613 
74731 38 37613 37638 
74731 38 37638 
74731 42 
74731 42 62 
74731 42 62 31471 
74731 42 62 31471 37613 
74731 42 62 31471 37613 37638 
74731 42 62 31471 37638 
74731 42 62 37613 
74731 42 62 37613 37638 
74731 42 62 37638 
74731 42 31471 
74731 42 31471 37613 
74731 42 31471 37613 37638 
74731 42 31471 37638 
74731 42 37613 
74731 42 37613 37638 
74731 42 37638 
74731 48 
74731 48 150 
74731 48 150 37613 
74731 48 37613 
74731 56 
74731 56 3429 
74731 56 3429 37613 
74731 56 3429 37613 37618 
74731 56 3429 37613 37642 
74731 56 3429 37618 
74731 56 3429 37642 
74731 56 37613 
74731 56 37613 37618 
74731 56 37613 37642 
74731 56 37618 
74731 56 37642 
74731 58 
74731 58 37613 
74731 62 
74731 62 31471 
74731 62 31471 37613 
74731 62 31471 37613 37638 
74731 62 31471 37638 
74731 62 37613 
74731 62 37613 37638 
74731 62 37638 
74731 64 
74731 64 73 
74731 64 73 37605 
74731 64 37605 
74731 65 
74731 66 
74731 73 
74731 73 37605 
74731 130 
74731 149 
74731 149 37601 
74731 150 
74731 150 37613 
74731 170 
74731 170 37613 
74731 170 37613 37630 
74731 170 37613 37630 37664 
74731 170 37613 37630 37664 37673 
74731 170 37613 37630 37673 
74731 170 37613 37664 
74731 170 37613 37664 37673 
74731 170 37613 37673 
74731 170 37630 
74731 170 37630 37664 
74731 170 37630 37664 37673 
74731 170 37630 37673 
74731 170 37664 
74731 170 37664 37673 
74731 170 37673 
74731 178 
74731 231 
74731 231 37613 
74731 3429 
74731 3429 37613 
74731 3429 37613 37618 
74731 3429 37613 37642 
74731 3429 37618 
74731 3429 37642 
74731 3473 
74731 3473 37613 
74731 31471 
74731 31471 37613 
74731 31471 37613 37638 
74731 31471 37638 
74731 37601 
74731 37605 
74731 37605 37621 
74731 37605 37621 37778 
74731 37605 37622 
74731 37605 37622 37773 
74731 37605 37622 37779 
74731 37605 37626 
74731 37605 37626 37749 
74731 37605 37648 
74731 37605 37648 37750 
74731 37605 37749 
74731 37605 37750 
74731 37605 37773 
74731 37605 37778 
74731 37605 37779 
74731 37607 
74731 37607 37620 
74731 37607 37620 37658 
74731 37607 37627 
74731 37607 37627 41039 
74731 37607 37658 
74731 37607 41039 
74731 37611 
74731 37611 37631 
74731 37611 37631 37681 
74731 37611 37631 37681 37748 
74731 37611 37631 37748 
74731 37611 37681 
74731 37611 37681 37748 
74731 37611 37748 
74731 37613 
74731 37613 37616 
74731 37613 37618 
74731 37613 37630 
74731 37613 37630 37664 
74731 37613 37630 37664 37673 
74731 37613 37630 37665 
74731 37613 37630 37673 
74731 37613 37638 
74731 37613 37642 
74731 37613 37642 37658 
74731 37613 37642 37662 
74731 37613 37642 37662 68685 
74731 37613 37642 68685 
74731 37613 37658 
74731 37613 37662 
74731 37613 37662 68685 
74731 37613 37664 
74731 37613 37664 37673 
74731 37613 37665 
74731 37613 37673 
74731 37613 68685 
74731 37616 
74731 37618 
74731 37620 
74731 37620 37658 
74731 37621 
74731 37621 37778 
74731 37622 
74731 37622 37773 
74731 37622 37779 
74731 37626 
74731 37626 37749 
74731 37627 
74731 37627 41039 
74731 37630 
74731 37630 37664 
74731 37630 37664 37673 
74731 37630 37665 
74731 37630 37673 
74731 37631 
74731 37631 37681 
74731 37631 37681 37748 
74731 37631 37748 
74731 37638 
74731 37642 
74731 37642 37658 
74731 37642 37662 
74731 37642 37662 68685 
74731 37642 68685 
74731 37648 
74731 37648 37750 
74731 37658 
74731 37662 
74731 37662 68685 
74731 37664 
74731 37664 37673 
74731 37665 
74731 37673 
74731 37681 
74731 37681 37748 
74731 37748 
74731 37749 
74731 37750 
74731 37773 
74731 37778 
74731 37779 
74731 41039 
74731 68685 
74731 74734 
74731 74734 7 
74731 74734 7 20 
74731 74734 7 20 58 
74731 74734 7 20 58 37613 
74731 74734 7 20 37613 
74731 74734 7 56 
74731 74734 7 56 3429 
74731 74734 7 58 
74731 74734 7 58 37613 
74731 74734 7 3429 
74731 74734 7 37613 
74731 74734 13 
74731 74734 13 18 
74731 74734 18 
74731 74734 20 
74731 74734 20 58 
74731 74734 20 58 37613 
74731 74734 20 37613 
74731 74734 56 
74731 74734 56 3429 
74731 74734 58 
74731 74734 58 37613 
74731 74734 3429 
74731 74734 37605 
74731 74734 37613 
74731 74734 37618 
74731 74736 
74731 74736 5 
74731 74736 5 21 
74731 74736 5 21 178 
74731 74736 5 178 
74731 74736 5 37613 
74731 74736 7 
74731 74736 7 56 
74731 74736 7 56 3429 
74731 74736 7 56 3429 37613 
74731 74736 7 56 37613 
74731 74736 7 3429 
74731 74736 7 3429 37613 
74731 74736 7 37613 
74731 74736 7 37613 37618 
74731 74736 7 37618 
74731 74736 13 
74731 74736 13 18 
74731 74736 13 30 
74731 74736 13 30 65 
74731 74736 13 65 
74731 74736 13 37605 
74731 74736 13 37613 
74731 74736 18 
74731 74736 18 37613 
74731 74736 21 
74731 74736 21 178 
74731 74736 30 
74731 74736 30 65 
74731 74736 56 
74731 74736 56 3429 
74731 74736 56 3429 37613 
74731 74736 56 37613 
74731 74736 65 
74731 74736 178 
74731 74736 3429 
74731 74736 3429 37613 
74731 74736 37601 
74731 74736 37605 
74731 74736 37607 
74731 74736 37607 37620 
74731 74736 37607 37620 37658 
74731 74736 37607 37658 
74731 74736 37613 
74731 74736 37613 37618 
74731 74736 37613 37630 
74731 74736 37613 37642 
74731 74736 37613 37642 37662 
74731 74736 37613 37642 37662 68685 
74731 74736 37613 37642 68685 
74731 74736 37613 37662 
74731 74736 37613 37662 68685 
74731 74736 37613 68685 
74731 74736 37618 
74731 74736 37620 
74731 74736 37620 37658 
74731 74736 37630 
74731 74736 37642 
74731 74736 37642 37662 
74731 74736 37642 37662 68685 
74731 74736 37642 68685 
74731 74736 37658 
74731 74736 37662 
74731 74736 37662 68685 
74731 74736 68685 
74731 74748 
74731 74748 5 
74731 74748 5 21 
74731 74748 5 21 170 
74731 74748 5 21 170 37613 
74731 74748 5 21 37613 
74731 74748 5 26 
74731 74748 5 26 149 
74731 74748 5 48 
74731 74748 5 48 150 
74731 74748 5 48 150 37613 
74731 74748 5 48 37613 
74731 74748 5 149 
74731 74748 5 150 
74731 74748 5 150 37613 
74731 74748 5 170 
74731 74748 5 170 37613 
74731 74748 5 37613 
74731 74748 5 37613 37630 
74731 74748 5 37613 37630 37664 
74731 74748 5 37613 37642 
74731 74748 5 37613 37664 
74731 74748 5 37630 
74731 74748 5 37630 37664 
74731 74748 5 37642 
74731 74748 5 37664 
74731 74748 7 
74731 74748 13 
74731 74748 13 30 
74731 74748 13 30 64 
74731 74748 13 30 64 73 
74731 74748 13 30 73 
74731 74748 13 30 37605 
74731 74748 13 64 
74731 74748 13 64 73 
74731 74748 13 73 
74731 74748 13 37605 
74731 74748 13 37613 
74731 74748 21 
74731 74748 21 170 
74731 74748 21 170 37613 
74731 74748 21 37613 
74731 74748 26 
74731 74748 26 149 
74731 74748 30 
74731 74748 30 64 
74731 74748 30 64 73 
74731 74748 30 73 
74731 74748 30 37605 
74731 74748 48 
74731 74748 48 150 
74731 74748 48 150 37613 
74731 74748 48 37613 
74731 74748 64 
74731 74748 64 73 
74731 74748 73 
74731 74748 149 
74731 74748 150 
74731 74748 150 37613 
74731 74748 170 
74731 74748 170 37613 
74731 74748 37605 
74731 74748 37607 
74731 74748 37613 
74731 74748 37613 37630 
74731 74748 37613 37630 37664 
74731 74748 37613 37642 
74731 74748 37613 37664 
74731 74748 37630 
74731 74748 37630 37664 
74731 74748 37642 
74731 74748 37658 
74731 74748 37664 
74731 74748 74776 
74731 74748 74782 
74731 74748 74782 5 
74731 74748 74782 5 37613 
74731 74748 74782 5 37613 37664 
74731 74748 74782 5 37664 
74731 74748 74782 13 
74731 74748 74782 13 30 
74731 74748 74782 13 30 64 
74731 74748 74782 13 30 64 73 
74731 74748 74782 13 30 73 
74731 74748 74782 13 30 37605 
74731 74748 74782 13 64 
74731 74748 74782 13 64 73 
74731 74748 74782 13 73 
74731 74748 74782 13 37605 
74731 74748 74782 30 
74731 74748 74782 30 64 
74731 74748 74782 30 64 73 
74731 74748 74782 30 73 
74731 74748 74782 30 37605 
74731 74748 74782 64 
74731 74748 74782 64 73 
74731 74748 74782 73 
74731 74748 74782 37605 
74731 74748 74782 37613 
74731 74748 74782 37613 37664 
74731 74748 74782 37664 
74731 74748 74782 74791 
74731 74748 74782 74791 5 
74731 74748 74782 74791 5 37613 
74731 74748 74782 74791 37613 
74731 74748 74782 74792 
74731 74748 74782 74792 13 
74731 74748 74782 74792 13 30 
74731 74748 74782 74792 13 30 64 
74731 74748 74782 74792 13 30 64 73 
74731 74748 74782 74792 13 30 73 
74731 74748 74782 74792 13 64 
74731 74748 74782 74792 13 64 73 
74731 74748 74782 74792 13 73 
74731 74748 74782 74792 30 
74731 74748 74782 74792 30 64 
74731 74748 74782 74792 30 64 73 
74731 74748 74782 74792 30 73 
74731 74748 74782 74792 64 
74731 74748 74782 74792 64 73 
74731 74748 74782 74792 73 
74731 74748 74783 
74731 74748 74783 5 
74731 74748 74783 5 37613 
74731 74748 74783 37613 
74731 74748 74791 
74731 74748 74791 5 
74731 74748 74791 5 37613 
74731 74748 74791 37613 
74731 74748 74792 
74731 74748 74792 13 
74731 74748 74792 13 30 
74731 74748 74792 13 30 64 
74731 74748 74792 13 30 64 73 
74731 74748 74792 13 30 73 
74731 74748 74792 13 64 
74731 74748 74792 13 64 73 
74731 74748 74792 13 73 
74731 74748 74792 30 
74731 74748 74792 30 64 
74731 74748 74792 30 64 73 
74731 74748 74792 30 73 
74731 74748 74792 64 
74731 74748 74792 64 73 
74731 74748 74792 73 
74731 74756 
74731 74756 1 
74731 74756 5 
74731 74756 7 
74731 74756 7 37613 
74731 74756 13 
74731 74756 13 38 
74731 74756 13 38 37601 
74731 74756 13 37601 
74731 74756 13 37613 
74731 74756 38 
74731 74756 38 37601 
74731 74756 37601 
74731 74756 37613 
74731 74756 74949 
74731 74756 74949 13 
74731 74760 
74731 74760 13 
74731 74760 13 18 
74731 74760 13 30 
74731 74760 13 38 
74731 74760 13 38 231 
74731 74760 13 38 231 37613 
74731 74760 13 38 37613 
74731 74760 13 38 37613 37638 
74731 74760 13 38 37638 
74731 74760 13 231 
74731 74760 13 231 37613 
74731 74760 13 37605 
74731 74760 13 37607 
74731 74760 13 37613 
74731 74760 13 37613 37630 
74731 74760 13 37613 37638 
74731 74760 13 37630 
74731 74760 13 37638 
74731 74760 18 
74731 74760 30 
74731 74760 38 
74731 74760 38 231 
74731 74760 38 231 37613 
74731 74760 38 37613 
74731 74760 38 37613 37638 
74731 74760 38 37638 
74731 74760 231 
74731 74760 231 37613 
74731 74760 37605 
74731 74760 37607 
74731 74760 37613 
74731 74760 37613 37630 
74731 74760 37613 37638 
74731 74760 37630 
74731 74760 37638 
74731 74760 74776 
74731 74760 74776 13 
74731 74760 74776 13 18 
74731 74760 74776 13 37613 
74731 74760 74776 18 
74731 74760 74776 37613 
74731 74760 74780 
74731 74760 74780 13 
74731 74760 74780 13 38 
74731 74760 74780 13 38 231 
74731 74760 74780 13 38 231 37613 
74731 74760 74780 13 38 37613 
74731 74760 74780 13 38 37613 37638 
74731 74760 74780 13 38 37638 
74731 74760 74780 13 231 
74731 74760 74780 13 231 37613 
74731 74760 74780 13 37613 
74731 74760 74780 13 37613 37638 
74731 74760 74780 13 37638 
74731 74760 74780 38 
74731 74760 74780 38 231 
74731 74760 74780 38 231 37613 
74731 74760 74780 38 37613 
74731 74760 74780 38 37613 37638 
74731 74760 74780 38 37638 
74731 74760 74780 231 
74731 74760 74780 231 37613 
74731 74760 74780 37613 
74731 74760 74780 37613 37638 
74731 74760 74780 37638 
74731 74760 74780 106189 
74731 74760 74780 106189 13 
74731 74760 74780 106189 13 38 
74731 74760 74780 106189 13 38 37613 
74731 74760 74780 106189 13 38 37613 37638 
74731 74760 74780 106189 13 38 37638 
74731 74760 74780 106189 13 37613 
74731 74760 74780 106189 13 37613 37638 
74731 74760 74780 106189 13 37638 
74731 74760 74780 106189 38 
74731 74760 74780 106189 38 37613 
74731 74760 74780 106189 38 37613 37638 
74731 74760 74780 106189 38 37638 
74731 74760 74780 106189 37613 
74731 74760 74780 106189 37613 37638 
74731 74760 74780 106189 37638 
74731 74760 74782 
74731 74760 74782 13 
74731 74760 74782 95201 
74731 74760 74782 95201 13 
74731 74760 95201 
74731 74760 95201 13 
74731 74760 106189 
74731 74760 106189 13 
74731 74760 106189 13 38 
74731 74760 106189 13 38 37613 
74731 74760 106189 13 38 37613 37638 
74731 74760 106189 13 38 37638 
74731 74760 106189 13 37613 
74731 74760 106189 13 37613 37638 
74731 74760 106189 13 37638 
74731 74760 106189 38 
74731 74760 106189 38 37613 
74731 74760 106189 38 37613 37638 
74731 74760 106189 38 37638 
74731 74760 106189 37613 
74731 74760 106189 37613 37638 
74731 74760 106189 37638 
74731 74776 
74731 74776 13 
74731 74776 13 18 
74731 74776 13 37613 
74731 74776 18 
74731 74776 37605 
74731 74776 37613 
74731 74780 
74731 74780 13 
74731 74780 13 38 
74731 74780 13 38 231 
74731 74780 13 38 231 37613 
74731 74780 13 38 37613 
74731 74780 13 38 37613 37638 
74731 74780 13 38 37638 
74731 74780 13 231 
74731 74780 13 231 37613 
74731 74780 13 37613 
74731 74780 13 37613 37638 
74731 74780 13 37638 
74731 74780 38 
74731 74780 38 231 
74731 74780 38 231 37613 
74731 74780 38 37613 
74731 74780 38 37613 37638 
74731 74780 38 37638 
74731 74780 231 
74731 74780 231 37613 
74731 74780 37613 
74731 74780 37613 37638 
74731 74780 37638 
74731 74780 106189 
74731 74780 106189 13 
74731 74780 106189 13 38 
74731 74780 106189 13 38 37613 
74731 74780 106189 13 38 37613 37638 
74731 74780 106189 13 38 37638 
74731 74780 106189 13 37613 
74731 74780 106189 13 37613 37638 
74731 74780 106189 13 37638 
74731 74780 106189 38 
74731 74780 106189 38 37613 
74731 74780 106189 38 37613 37638 
74731 74780 106189 38 37638 
74731 74780 106189 37613 
74731 74780 106189 37613 37638 
74731 74780 106189 37638 
74731 74782 
74731 74782 5 
74731 74782 5 37613 
74731 74782 5 37613 37664 
74731 74782 5 37664 
74731 74782 13 
74731 74782 13 30 
74731 74782 13 30 64 
74731 74782 13 30 64 73 
74731 74782 13 30 73 
74731 74782 13 30 37605 
74731 74782 13 64 
74731 74782 13 64 73 
74731 74782 13 73 
74731 74782 13 37605 
74731 74782 13 37613 
74731 74782 30 
74731 74782 30 64 
74731 74782 30 64 73 
74731 74782 30 73 
74731 74782 30 37605 
74731 74782 64 
74731 74782 64 73 
74731 74782 73 
74731 74782 37605 
74731 74782 37613 
74731 74782 37613 37630 
74731 74782 37613 37630 37664 
74731 74782 37613 37630 37664 37673 
74731 74782 37613 37630 37673 
74731 74782 37613 37664 
74731 74782 37613 37664 37673 
74731 74782 37613 37673 
74731 74782 37630 
74731 74782 37630 37664 
74731 74782 37630 37664 37673 
74731 74782 37630 37673 
74731 74782 37664 
74731 74782 37664 37673 
74731 74782 37673 
74731 74782 74791 
74731 74782 74791 5 
74731 74782 74791 5 37613 
74731 74782 74791 37613 
74731 74782 74792 
74731 74782 74792 13 
74731 74782 74792 13 30 
74731 74782 74792 13 30 64 
74731 74782 74792 13 30 64 73 
74731 74782 74792 13 30 73 
74731 74782 74792 13 64 
74731 74782 74792 13 64 73 
74731 74782 74792 13 73 
74731 74782 74792 30 
74731 74782 74792 30 64 
74731 74782 74792 30 64 73 
74731 74782 74792 30 73 
74731 74782 74792 64 
74731 74782 74792 64 73 
74731 74782 74792 73 
74731 74782 95201 
74731 74782 95201 13 
74731 74783 
74731 74783 5 
74731 74783 5 37613 
74731 74783 37613 
74731 74784 
74731 74791 
74731 74791 5 
74731 74791 5 37613 
74731 74791 37613 
74731 74792 
74731 74792 13 
74731 74792 13 30 
74731 74792 13 30 64 
74731 74792 13 30 64 73 
74731 74792 13 30 73 
74731 74792 13 64 
74731 74792 13 64 73 
74731 74792 13 73 
74731 74792 30 
74731 74792 30 64 
74731 74792 30 64 73 
74731 74792 30 73 
74731 74792 64 
74731 74792 64 73 
74731 74792 73 
74731 74949 
74731 74949 13 
74731 95201 
74731 95201 13 
74731 106189 
74731 106189 13 
74731 106189 13 38 
74731 106189 13 38 37613 
74731 106189 13 38 37613 37638 
74731 106189 13 38 37638 
74731 106189 13 37613 
74731 106189 13 37613 37638 
74731 106189 13 37638 
74731 106189 38 
74731 106189 38 37613 
74731 106189 38 37613 37638 
74731 106189 38 37638 
74731 106189 37613 
74731 106189 37613 37638 
74731 106189 37638 
74734 
74734 7 
74734 7 20 
74734 7 20 58 
74734 7 20 58 37613 
74734 7 20 37613 
74734 7 56 
74734 7 56 3429 
74734 7 58 
74734 7 58 37613 
74734 7 3429 
74734 7 37613 
74734 13 
74734 13 18 
74734 18 
74734 20 
74734 20 58 
74734 20 58 37613 
74734 20 37613 
74734 56 
74734 56 3429 
74734 58 
74734 58 37613 
74734 3429 
74734 37605 
74734 37613 
74734 37618 
74736 
74736 5 
74736 5 21 
74736 5 21 178 
74736 5 178 
74736 5 37613 
74736 7 
74736 7 56 
74736 7 56 3429 
74736 7 56 3429 37613 
74736 7 56 37613 
74736 7 3429 
74736 7 3429 37613 
74736 7 37613 
74736 7 37613 37618 
74736 7 37618 
74736 13 
74736 13 18 
74736 13 30 
74736 13 30 64 
74736 13 30 65 
74736 13 30 37605 
74736 13 64 
74736 13 65 
74736 13 37605 
74736 13 37613 
74736 13 37613 37630 
74736 13 37630 
74736 18 
74736 18 37613 
74736 21 
74736 21 178 
74736 30 
74736 30 64 
74736 30 65 
74736 30 37605 
74736 56 
74736 56 3429 
74736 56 3429 37613 
74736 56 37613 
74736 58 
74736 64 
74736 65 
74736 178 
74736 3429 
74736 3429 37613 
74736 37601 
74736 37605 
74736 37607 
74736 37607 37620 
74736 37607 37620 37658 
74736 37607 37658 
74736 37613 
74736 37613 37618 
74736 37613 37630 
74736 37613 37642 
74736 37613 37642 37662 
74736 37613 37642 37662 68685 
74736 37613 37642 68685 
74736 37613 37662 
74736 37613 37662 68685 
74736 37613 68685 
74736 37618 
74736 37620 
74736 37620 37658 
74736 37630 
74736 37642 
74736 37642 37662 
74736 37642 37662 68685 
74736 37642 68685 
74736 37658 
74736 37662 
74736 37662 68685 
74736 68685 
74738 
74738 13 
74738 13 16 
74738 13 18 
74738 13 18 37607 
74738 13 30 
74738 13 42 
74738 13 42 37613 
74738 13 58 
74738 13 37605 
74738 13 37607 
74738 13 37613 
74738 13 37613 37638 
74738 13 37618 
74738 13 37638 
74738 16 
74738 18 
74738 18 37607 
74738 30 
74738 42 
74738 42 37613 
74738 58 
74738 37605 
74738 37607 
74738 37613 
74738 37613 37618 
74738 37613 37638 
74738 37618 
74738 37638 
74738 37730 
74738 74776 
74738 74776 13 
74738 74776 13 16 
74738 74776 13 18 
74738 74776 13 18 37607 
74738 74776 13 42 
74738 74776 13 42 37613 
74738 74776 13 58 
74738 74776 13 37605 
74738 74776 13 37607 
74738 74776 13 37613 
74738 74776 13 37618 
74738 74776 16 
74738 74776 18 
74738 74776 18 37607 
74738 74776 42 
74738 74776 42 37613 
74738 74776 58 
74738 74776 37605 
74738 74776 37607 
74738 74776 37613 
74738 74776 37613 37618 
74738 74776 37618 
74738 74776 76435 
74738 74776 76435 13 
74738 74776 77728 
74738 74776 77728 13 
74738 74776 78038 
74738 74776 78038 13 
74738 74776 78038 13 18 
74738 74776 78038 18 
74738 74776 79279 
74738 74776 79279 13 
74738 74776 79279 37613 
74738 76435 
74738 76435 13 
74738 77728 
74738 77728 13 
74738 78038 
74738 78038 13 
74738 78038 13 18 
74738 78038 18 
74738 79279 
74738 79279 13 
74738 79279 37613 
74739 
74739 5 
74739 13 
74739 13 30 
74739 13 30 64 
74739 13 30 64 73 
74739 13 30 73 
74739 13 64 
74739 13 64 73 
74739 13 73 
74739 13 37613 
74739 30 
74739 30 64 
74739 30 64 73 
74739 30 73 
74739 64 
74739 64 73 
74739 73 
74739 37613 
74739 37613 37618 
74739 37618 
74739 74888 
74739 74888 13 
74739 74888 13 30 
74739 74888 13 30 64 
74739 74888 13 30 64 73 
74739 74888 13 30 73 
74739 74888 13 64 
74739 74888 13 64 73 
74739 74888 13 73 
74739 74888 13 37613 
74739 74888 30 
74739 74888 30 64 
74739 74888 30 64 73 
74739 74888 30 73 
74739 74888 64 
74739 74888 64 73 
74739 74888 73 
74739 74888 37613 
74739 74896 
74739 74896 37613 
74739 74896 37613 37618 
74739 74896 37618 
74740 
74740 13 
74740 13 18 
74740 13 30 
74740 13 30 37605 
74740 13 37605 
74740 13 37613 
74740 18 
74740 30 
74740 30 37605 
74740 37605 
74740 37613 
74740 74891 
74740 74891 13 
74740 74891 13 30 
74740 74891 13 30 37605 
74740 74891 13 37605 
74740 74891 30 
74740 74891 30 37605 
74740 74891 37605 
74740 74897 
74740 74897 13 
74740 74897 13 18 
74740 74897 18 
74743 
74743 13 
74743 13 18 
74743 13 37613 
74743 18 
74743 42 
74743 37613 
74743 74869 
74743 74869 13 
74743 74869 13 18 
74743 74869 13 37613 
74743 74869 18 
74743 74869 42 
74743 74869 37613 
74744 
74744 1 
74744 74867 
74744 74867 1 
74745 
74745 13 
74745 13 18 
74745 13 37613 
74745 18 
74745 37613 
74745 78191 
74745 78191 13 
74745 78191 37613 
74748 
74748 5 
74748 5 21 
74748 5 21 170 
74748 5 21 170 37613 
74748 5 21 37613 
74748 5 26 
74748 5 26 149 
74748 5 48 
74748 5 48 150 
74748 5 48 150 37613 
74748 5 48 37613 
74748 5 149 
74748 5 150 
74748 5 150 37613 
74748 5 170 
74748 5 170 37613 
74748 5 37613 
74748 5 37613 37630 
74748 5 37613 37630 37664 
74748 5 37613 37642 
74748 5 37613 37664 
74748 5 37630 
74748 5 37630 37664 
74748 5 37642 
74748 5 37664 
74748 7 
74748 13 
74748 13 30 
74748 13 30 64 
74748 13 30 64 73 
74748 13 30 73 
74748 13 30 37605 
74748 13 64 
74748 13 64 73 
74748 13 73 
74748 13 37605 
74748 13 37613 
74748 21 
74748 21 170 
74748 21 170 37613 
74748 21 37613 
74748 26 
74748 26 149 
74748 30 
74748 30 64 
74748 30 64 73 
74748 30 73 
74748 30 37605 
74748 48 
74748 48 150 
74748 48 150 37613 
74748 48 37613 
74748 64 
74748 64 73 
74748 73 
74748 149 
74748 150 
74748 150 37613 
74748 170 
74748 170 37613 
74748 37605 
74748 37607 
74748 37613 
74748 37613 37630 
74748 37613 37630 37664 
74748 37613 37642 
74748 37613 37664 
74748 37630 
74748 37630 37664 
74748 37642 
74748 37658 
74748 37664 
74748 74776 
74748 74782 
74748 74782 5 
74748 74782 5 37613 
74748 74782 5 37613 37664 
74748 74782 5 37664 
74748 74782 13 
74748 74782 13 30 
74748 74782 13 30 64 
74748 74782 13 30 64 73 
74748 74782 13 30 73 
74748 74782 13 30 37605 
74748 74782 13 64 
74748 74782 13 64 73 
74748 74782 13 73 
74748 74782 13 37605 
74748 74782 30 
74748 74782 30 64 
74748 74782 30 64 73 
74748 74782 30 73 
74748 74782 30 37605 
74748 74782 64 
74748 74782 64 73 
74748 74782 73 
74748 74782 37605 
74748 74782 37613 
74748 74782 37613 37664 
74748 74782 37664 
74748 74782 74791 
74748 74782 74791 5 
74748 74782 74791 5 37613 
74748 74782 74791 37613 
74748 74782 74792 
74748 74782 74792 13 
74748 74782 74792 13 30 
74748 74782 74792 13 30 64 
74748 74782 74792 13 30 64 73 
74748 74782 74792 13 30 73 
74748 74782 74792 13 64 
74748 74782 74792 13 64 73 
74748 74782 74792 13 73 
74748 74782 74792 30 
74748 74782 74792 30 64 
74748 74782 74792 30 64 73 
74748 74782 74792 30 73 
74748 74782 74792 64 
74748 74782 74792 64 73 
74748 74782 74792 73 
74748 74783 
74748 74783 5 
74748 74783 5 37613 
74748 74783 37613 
74748 74791 
74748 74791 5 
74748 74791 5 37613 
74748 74791 37613 
74748 74792 
74748 74792 13 
74748 74792 13 30 
74748 74792 13 30 64 
74748 74792 13 30 64 73 
74748 74792 13 30 73 
74748 74792 13 64 
74748 74792 13 64 73 
74748 74792 13 73 
74748 74792 30 
74748 74792 30 64 
74748 74792 30 64 73 
74748 74792 30 73 
74748 74792 64 
74748 74792 64 73 
74748 74792 73 
74749 
74749 7 
74749 7 20 
74749 7 20 58 
74749 7 20 58 4561 
74749 7 20 58 4561 37613 
74749 7 20 58 37613 
74749 7 20 58 37613 37618 
74749 7 20 58 37618 
74749 7 20 4561 
74749 7 20 4561 37613 
74749 7 20 37613 
74749 7 20 37613 37618 
74749 7 20 37618 
74749 7 58 
74749 7 58 4561 
74749 7 58 4561 37613 
74749 7 58 37613 
74749 7 58 37613 37618 
74749 7 58 37618 
74749 7 4561 
74749 7 4561 37613 
74749 7 37613 
74749 7 37613 37618 
74749 7 37618 
74749 13 
74749 13 16 
74749 13 16 37607 
74749 13 37607 
74749 16 
74749 16 37607 
74749 20 
74749 20 58 
74749 20 58 4561 
74749 20 58 4561 37613 
74749 20 58 37613 
74749 20 58 37613 37618 
74749 20 58 37618 
74749 20 4561 
74749 20 4561 37613 
74749 20 37613 
74749 20 37613 37618 
74749 20 37618 
74749 58 
74749 58 4561 
74749 58 4561 37613 
74749 58 37613 
74749 58 37613 37618 
74749 58 37618 
74749 4561 
74749 4561 37613 
74749 37607 
74749 37613 
74749 37613 37618 
74749 37618 
74749 37658 
74749 74797 
74749 74797 13 
74749 74797 13 16 
74749 74797 13 16 37607 
74749 74797 13 37607 
74749 74797 16 
74749 74797 16 37607 
74749 74797 37607 
74749 74797 77184 
74749 74797 77184 13 
74749 74797 77184 13 16 
74749 74797 77184 13 16 37607 
74749 74797 77184 13 37607 
74749 74797 77184 16 
74749 74797 77184 16 37607 
74749 74797 77184 37607 
74749 74799 
74749 74799 7 
74749 74799 7 20 
74749 74799 7 20 58 
74749 74799 7 20 58 37613 
74749 74799 7 20 37613 
74749 74799 7 58 
74749 74799 7 58 37613 
74749 74799 7 37613 
74749 74799 20 
74749 74799 20 58 
74749 74799 20 58 37613 
74749 74799 20 37613 
74749 74799 58 
74749 74799 58 37613 
74749 74799 37613 
74749 74799 74866 
74749 74799 74866 7 
74749 74799 74866 7 20 
74749 74799 74866 7 20 58 
74749 74799 74866 7 20 58 37613 
74749 74799 74866 7 20 37613 
74749 74799 74866 7 58 
74749 74799 74866 7 58 37613 
74749 74799 74866 7 37613 
74749 74799 74866 20 
74749 74799 74866 20 58 
74749 74799 74866 20 58 37613 
74749 74799 74866 20 37613 
74749 74799 74866 58 
74749 74799 74866 58 37613 
74749 74799 74866 37613 
74749 74848 
74749 74848 7 
74749 74848 37613 
74749 74866 
74749 74866 7 
74749 74866 7 20 
74749 74866 7 20 58 
74749 74866 7 20 58 37613 
74749 74866 7 20 37613 
74749 74866 7 58 
74749 74866 7 58 37613 
74749 74866 7 37613 
74749 74866 20 
74749 74866 20 58 
74749 74866 20 58 37613 
74749 74866 20 37613 
74749 74866 58 
74749 74866 58 37613 
74749 74866 37613 
74749 77184 
74749 77184 13 
74749 77184 13 16 
74749 77184 13 16 37607 
74749 77184 13 37607 
74749 77184 16 
74749 77184 16 37607 
74749 77184 37607 
74756 
74756 1 
74756 5 
74756 7 
74756 7 37613 
74756 13 
74756 13 38 
74756 13 38 37601 
74756 13 37601 
74756 13 37613 
74756 38 
74756 38 37601 
74756 37601 
74756 37613 
74756 74949 
74756 74949 13 
74759 
74759 11 
74759 11 31 
74759 31 
74759 77709 
74759 77709 11 
74759 77709 11 31 
74759 77709 31 
74760 
74760 13 
74760 13 18 
74760 13 30 
74760 13 38 
74760 13 38 231 
74760 13 38 231 37613 
74760 13 38 37613 
74760 13 38 37613 37638 
74760 13 38 37638 
74760 13 231 
74760 13 231 37613 
74760 13 37605 
74760 13 37607 
74760 13 37613 
74760 13 37613 37630 
74760 13 37613 37638 
74760 13 37630 
74760 13 37638 
74760 18 
74760 30 
74760 38 
74760 38 231 
74760 38 231 37613 
74760 38 37613 
74760 38 37613 37638 
74760 38 37638 
74760 231 
74760 231 37613 
74760 37605 
74760 37607 
74760 37613 
74760 37613 37630 
74760 37613 37638 
74760 37630 
74760 37638 
74760 74776 
74760 74776 13 
74760 74776 13 18 
74760 74776 13 37613 
74760 74776 18 
74760 74776 37613 
74760 74780 
74760 74780 13 
74760 74780 13 38 
74760 74780 13 38 231 
74760 74780 13 38 231 37613 
74760 74780 13 38 37613 
74760 74780 13 38 37613 37638 
74760 74780 13 38 37638 
74760 74780 13 231 
74760 74780 13 231 37613 
74760 74780 13 37613 
74760 74780 13 37613 37638 
74760 74780 13 37638 
74760 74780 38 
74760 74780 38 231 
74760 74780 38 231 37613 
74760 74780 38 37613 
74760 74780 38 37613 37638 
74760 74780 38 37638 
74760 74780 231 
74760 74780 231 37613 
74760 74780 37613 
74760 74780 37613 37638 
74760 74780 37638 
74760 74780 106189 
74760 74780 106189 13 
74760 74780 106189 13 38 
74760 74780 106189 13 38 37613 
74760 74780 106189 13 38 37613 37638 
74760 74780 106189 13 38 37638 
74760 74780 106189 13 37613 
74760 74780 106189 13 37613 37638 
74760 74780 106189 13 37638 
74760 74780 106189 38 
74760 74780 106189 38 37613 
74760 74780 106189 38 37613 37638 
74760 74780 106189 38 37638 
74760 74780 106189 37613 
74760 74780 106189 37613 37638 
74760 74780 106189 37638 
74760 74782 
74760 74782 13 
74760 74782 95201 
74760 74782 95201 13 
74760 95201 
74760 95201 13 
74760 106189 
74760 106189 13 
74760 106189 13 38 
74760 106189 13 38 37613 
74760 106189 13 38 37613 37638 
74760 106189 13 38 37638 
74760 106189 13 37613 
74760 106189 13 37613 37638 
74760 106189 13 37638 
74760 106189 38 
74760 106189 38 37613 
74760 106189 38 37613 37638 
74760 106189 38 37638 
74760 106189 37613 
74760 106189 37613 37638 
74760 106189 37638 
74766 
74766 13 
74766 13 37613 
74766 37613 
74766 37613 37630 
74766 37630 
74766 74868 
74766 74868 13 
74766 74868 13 37613 
74766 74868 37613 
74766 74868 37613 37630 
74766 74868 37630 
74767 
74774 
74774 13 
74774 13 18 
74774 13 42 
74774 13 42 37613 
74774 13 37613 
74774 18 
74774 42 
74774 42 37613 
74774 37613 
74774 78147 
74774 78147 13 
74774 78147 13 18 
74774 78147 13 42 
74774 78147 13 42 37613 
74774 78147 13 37613 
74774 78147 18 
74774 78147 42 
74774 78147 42 37613 
74774 78147 37613 
74776 
74776 5 
74776 13 
74776 13 16 
74776 13 18 
74776 13 18 37607 
74776 13 18 37613 
74776 13 30 
74776 13 42 
74776 13 42 62 
74776 13 42 62 37613 
74776 13 42 62 37613 37638 
74776 13 42 62 37638 
74776 13 42 37613 
74776 13 42 37613 37638 
74776 13 42 37638 
74776 13 58 
74776 13 62 
74776 13 62 37613 
74776 13 62 37613 37638 
74776 13 62 37638 
74776 13 37605 
74776 13 37605 37648 
74776 13 37605 37648 37750 
74776 13 37605 37750 
74776 13 37607 
74776 13 37613 
74776 13 37613 37618 
74776 13 37613 37638 
74776 13 37618 
74776 13 37638 
74776 13 37648 
74776 13 37648 37750 
74776 13 37750 
74776 16 
74776 18 
74776 18 37607 
74776 18 37613 
74776 30 
74776 42 
74776 42 62 
74776 42 62 37613 
74776 42 62 37613 37638 
74776 42 62 37638 
74776 42 37613 
74776 42 37613 37638 
74776 42 37638 
74776 58 
74776 62 
74776 62 37613 
74776 62 37613 37638 
74776 62 37638 
74776 37605 
74776 37605 37648 
74776 37605 37648 37750 
74776 37605 37750 
74776 37607 
74776 37613 
74776 37613 37618 
74776 37613 37638 
74776 37618 
74776 37638 
74776 37648 
74776 37648 37750 
74776 37658 
74776 37750 
74776 76435 
74776 76435 13 
74776 77728 
74776 77728 13 
74776 78038 
74776 78038 13 
74776 78038 13 18 
74776 78038 18 
74776 79279 
74776 79279 13 
74776 79279 37613 
74780 
74780 13 
74780 13 38 
74780 13 38 231 
74780 13 38 231 37613 
74780 13 38 37613 
74780 13 38 37613 37638 
74780 13 38 37638 
74780 13 231 
74780 13 231 37613 
74780 13 37613 
74780 13 37613 37638 
74780 13 37638 
74780 38 
74780 38 231 
74780 38 231 37613 
74780 38 37613 
74780 38 37613 37638 
74780 38 37638 
74780 231 
74780 231 37613 
74780 37613 
74780 37613 37638 
74780 37638 
74780 106189 
74780 106189 13 
74780 106189 13 38 
74780 106189 13 38 37613 
74780 106189 13 38 37613 37638 
74780 106189 13 38 37638 
74780 106189 13 37613 
74780 106189 13 37613 37638 
74780 106189 13 37638 
74780 106189 38 
74780 106189 38 37613 
74780 106189 38 37613 37638 
74780 106189 38 37638 
74780 106189 37613 
74780 106189 37613 37638 
74780 106189 37638 
74782 
74782 5 
74782 5 37613 
74782 5 37613 37664 
74782 5 37664 
74782 13 
74782 13 30 
74782 13 30 64 
74782 13 30 64 73 
74782 13 30 73 
74782 13 30 37605 
74782 13 64 
74782 13 64 73 
74782 13 73 
74782 13 37605 
74782 13 37613 
74782 30 
74782 30 64 
74782 30 64 73 
74782 30 73 
74782 30 37605 
74782 64 
74782 64 73 
74782 73 
74782 37605 
74782 37613 
74782 37613 37630 
74782 37613 37630 37664 
74782 37613 37630 37664 37673 
74782 37613 37630 37673 
74782 37613 37664 
74782 37613 37664 37673 
74782 37613 37673 
74782 37630 
74782 37630 37664 
74782 37630 37664 37673 
74782 37630 37673 
74782 37664 
74782 37664 37673 
74782 37673 
74782 74791 
74782 74791 5 
74782 74791 5 37613 
74782 74791 37613 
74782 74792 
74782 74792 13 
74782 74792 13 30 
74782 74792 13 30 64 
74782 74792 13 30 64 73 
74782 74792 13 30 73 
74782 74792 13 64 
74782 74792 13 64 73 
74782 74792 13 73 
74782 74792 30 
74782 74792 30 64 
74782 74792 30 64 73 
74782 74792 30 73 
74782 74792 64 
74782 74792 64 73 
74782 74792 73 
74782 95201 
74782 95201 13 
74783 
74783 5 
74783 5 37613 
74783 37613 
74784 
74791 
74791 5 
74791 5 37613 
74791 37613 
74792 
74792 13 
74792 13 30 
74792 13 30 64 
74792 13 30 64 73 
74792 13 30 73 
74792 13 64 
74792 13 64 73 
74792 13 73 
74792 30 
74792 30 64 
74792 30 64 73 
74792 30 73 
74792 64 
74792 64 73 
74792 73 
74797 
74797 13 
74797 13 16 
74797 13 16 37607 
74797 13 37607 
74797 16 
74797 16 37607 
74797 37607 
74797 77184 
74797 77184 13 
74797 77184 13 16 
74797 77184 13 16 37607 
74797 77184 13 37607 
74797 77184 16 
74797 77184 16 37607 
74797 77184 37607 
74799 
74799 7 
74799 7 20 
74799 7 20 58 
74799 7 20 58 37613 
74799 7 20 37613 
74799 7 58 
74799 7 58 37613 
74799 7 37613 
74799 20 
74799 20 58 
74799 20 58 37613 
74799 20 37613 
74799 58 
74799 58 37613 
74799 37613 
74799 74866 
74799 74866 7 
74799 74866 7 20 
74799 74866 7 20 58 
74799 74866 7 20 58 37613 
74799 74866 7 20 37613 
74799 74866 7 58 
74799 74866 7 58 37613 
74799 74866 7 37613 
74799 74866 20 
74799 74866 20 58 
74799 74866 20 58 37613 
74799 74866 20 37613 
74799 74866 58 
74799 74866 58 37613 
74799 74866 37613 
74826 
74826 11 
74826 74848 
74826 74848 11 
74826 74848 77336 
74826 74848 77336 11 
74826 77336 
74826 77336 11 
74848 
74848 7 
74848 11 
74848 37607 
74848 37613 
74848 77336 
74848 77336 11 
74866 
74866 7 
74866 7 20 
74866 7 20 58 
74866 7 20 58 37613 
74866 7 20 37613 
74866 7 58 
74866 7 58 37613 
74866 7 37613 
74866 20 
74866 20 58 
74866 20 58 37613 
74866 20 37613 
74866 58 
74866 58 37613 
74866 37607 
74866 37613 
74867 
74867 1 
74868 
74868 13 
74868 13 37613 
74868 37613 
74868 37613 37630 
74868 37630 
74869 
74869 13 
74869 13 18 
74869 13 37613 
74869 18 
74869 42 
74869 37613 
74888 
74888 13 
74888 13 30 
74888 13 30 64 
74888 13 30 64 73 
74888 13 30 73 
74888 13 64 
74888 13 64 73 
74888 13 73 
74888 13 37613 
74888 30 
74888 30 64 
74888 30 64 73 
74888 30 73 
74888 64 
74888 64 73 
74888 73 
74888 37613 
74891 
74891 13 
74891 13 30 
74891 13 30 37605 
74891 13 37605 
74891 30 
74891 30 37605 
74891 37605 
74896 
74896 37613 
74896 37613 37618 
74896 37618 
74897 
74897 13 
74897 13 18 
74897 18 
74949 
74949 13 
76435 
76435 13 
77184 
77184 13 
77184 13 16 
77184 13 16 37607 
77184 13 37607 
77184 16 
77184 16 37607 
77184 37607 
77336 
77336 11 
77709 
77709 11 
77709 11 31 
77709 31 
77728 
77728 13 
77751 
78038 
78038 13 
78038 13 18 
78038 18 
78147 
78147 13 
78147 13 18 
78147 13 42 
78147 13 42 37613 
78147 13 37613 
78147 18 
78147 42 
78147 42 37613 
78147 37613 
78191 
78191 13 
78191 37613 
79279 
79279 13 
79279 37613 
95201 
95201 13 
106189 
106189 13 
106189 13 38 
106189 13 38 37613 
106189 13 38 37613 37638 
106189 13 38 37638 
106189 13 37613 
106189 13 37613 37638 
106189 13 37638 
106189 38 
106189 38 37613 
106189 38 37613 37638 
106189 38 37638 
106189 37613 
106189 37613 37638 
106189 37638 
