95201 13 (10)
95201 (10)
77751 (10)
20483 37613 (10)
20483 (10)
3033 (10)
74826 74848 77336 11 (10)
74826 74848 77336 (10)
74826 74848 (10)
74826 (10)
77336 11 (10)
77336 (10)
40602 (10)
40191 (10)
37708 37730 40191 (10)
37708 37730 (10)
37708 (10)
108 130 2618 37611 (10)
108 130 2618 (10)
108 130 (10)
108 (10)
2618 37611 (10)
2618 (10)
37679 (11)
74797 (11)
77184 13 16 (11)
77184 13 (11)
77184 (11)
40560 (11)
79 (11)
2466 37613 37616 (11)
2466 37613 (11)
2466 (11)
2991 37611 37631 (10)
2991 37611 (11)
2991 (11)
77709 11 31 (10)
77709 11 (11)
77709 (11)
40039 (11)
74767 (13)
37641 40560 (11)
37641 (13)
74784 (13)
49 (13)
39298 (13)
74759 77709 11 31 (10)
74759 77709 11 (11)
74759 77709 (11)
74759 (13)
37649 (13)
37666 (13)
41 2991 37611 37631 (10)
41 2991 37611 (11)
41 2991 (11)
41 (13)
66 (13)
37674 (14)
76435 13 (12)
76435 (14)
1717 37613 (12)
1717 (14)
74792 (14)
74 (14)
74949 13 (12)
74949 (14)
37831 (14)
231 37613 (12)
231 (14)
40579 (15)
3010 37613 (13)
3010 (15)
77728 13 (13)
77728 (15)
74891 13 30 (11)
74891 13 (16)
74891 (16)
74888 13 30 64 73 (10)
74888 13 30 64 (10)
74888 13 30 (10)
74888 13 (16)
74888 (16)
173 37613 37630 (11)
173 37613 (16)
173 (16)
170 37613 37630 37664 37673 (10)
170 37613 37630 37664 (10)
170 37613 37630 (10)
170 37613 (16)
170 (16)
37773 (16)
37770 (16)
74867 1 (13)
74867 (17)
74744 74867 1 (13)
74744 74867 (17)
74744 (17)
26 149 37601 (13)
26 149 (17)
26 (17)
149 37601 (13)
149 (17)
37626 37749 (17)
37626 (17)
37749 (17)
74726 74826 74848 77336 11 (10)
74726 74826 74848 77336 (10)
74726 74826 74848 (10)
74726 74826 (10)
74726 (20)
8 108 130 2618 37611 (10)
8 108 130 2618 (10)
8 108 130 (10)
8 108 (10)
8 (20)
37608 37708 37730 40191 (10)
37608 37708 37730 (10)
37608 37708 (10)
37608 (20)
74896 (20)
178 (20)
37778 (20)
74897 13 18 (10)
74897 13 (16)
74897 (20)
179 37613 37618 (10)
179 37613 (16)
179 (20)
37779 (20)
79279 13 (18)
79279 (21)
4561 37613 (18)
4561 (21)
41039 (21)
3473 37613 (17)
3473 (21)
42109 (21)
78191 13 (17)
78191 (21)
3320 37613 37618 (13)
3320 37613 (21)
3320 (21)
40886 (21)
78038 13 18 (13)
78038 13 (21)
78038 (21)
68685 (22)
31471 37613 37638 (21)
31471 37613 (21)
31471 (22)
106189 13 38 (21)
106189 13 (21)
106189 (22)
74745 78191 13 (17)
74745 78191 (21)
74745 (24)
27 3473 37613 (17)
27 3473 (21)
27 (24)
37627 41039 (21)
37627 (24)
37681 37748 (17)
37681 (26)
81 148 (17)
81 (26)
37748 (27)
148 (27)
74866 (27)
74799 74866 (17)
74799 (27)
74791 (30)
73 (30)
37673 (30)
37730 40191 (10)
37730 (31)
130 2618 37611 (10)
130 2618 (10)
130 (31)
74848 77336 11 (10)
74848 77336 (10)
74848 (32)
37665 (36)
37656 40995 (36)
37656 (36)
74774 78147 13 18 (12)
74774 78147 13 42 (10)
74774 78147 13 (32)
74774 78147 (36)
74774 (36)
74783 (36)
56 3429 37613 37618 (12)
56 3429 37613 37642 (10)
56 3429 37613 (32)
56 3429 (36)
56 (36)
65 (36)
40995 (37)
78147 13 18 (12)
78147 13 42 (10)
78147 13 (32)
78147 (37)
3429 37613 37618 (12)
3429 37613 37642 (10)
3429 37613 (32)
3429 (37)
150 37613 (17)
150 (38)
22 179 37613 37618 (10)
22 179 37613 (16)
22 179 (20)
22 173 37613 37630 (11)
22 173 37613 (16)
22 173 (16)
22 (38)
37622 37779 (20)
37622 37773 (16)
37622 (38)
37648 37750 (38)
37648 (38)
37750 (38)
74766 74868 13 (17)
74766 74868 (38)
74766 (38)
48 150 37613 (17)
48 150 (38)
48 (38)
74868 13 (17)
74868 (38)
74739 74896 (20)
74739 74888 13 30 64 73 (10)
74739 74888 13 30 64 (10)
74739 74888 13 30 (10)
74739 74888 13 (16)
74739 74888 (16)
74739 (38)
21 178 (20)
21 170 37613 37630 37664 37673 (10)
21 170 37613 37630 37664 (10)
21 170 37613 37630 (10)
21 170 37613 (16)
21 170 (16)
21 (38)
37621 37778 (20)
37621 37770 (16)
37621 (38)
74740 74897 13 18 (10)
74740 74897 13 (16)
74740 74897 (20)
74740 74891 13 30 (11)
74740 74891 13 (16)
74740 74891 (16)
74740 (38)
31 81 148 (12)
31 81 (14)
31 79 (11)
31 (43)
37631 37681 37748 (12)
37631 37681 (14)
37631 37679 (11)
37631 (43)
74749 74799 74866 (12)
74749 74799 (15)
74749 74797 (11)
74749 (44)
151 37613 37618 (10)
151 37613 (30)
151 (46)
25 151 37613 37618 (10)
25 151 37613 (30)
25 151 (46)
25 (46)
74869 13 18 (10)
74869 13 (30)
74869 (46)
74743 74869 13 18 (10)
74743 74869 13 (30)
74743 74869 (46)
74743 (46)
62 31471 37613 37638 (21)
62 31471 37613 (21)
62 31471 (21)
62 (47)
37662 68685 (21)
37662 (47)
74780 106189 13 38 (21)
74780 106189 13 (21)
74780 106189 (21)
74780 (47)
74719 5 25 151 37613 37618 (10)
74719 5 25 151 37613 (30)
74719 5 25 151 (46)
74719 5 25 (46)
74719 5 (46)
74719 (49)
37601 (50)
1 (50)
37664 37673 (30)
37664 37674 (14)
37664 (53)
74782 74791 (30)
74782 74792 (14)
74782 95201 13 (10)
74782 95201 (10)
74782 (54)
64 73 (30)
64 74 (14)
64 20483 37613 (10)
64 20483 (10)
64 (54)
11 31 81 148 (12)
11 31 81 (14)
11 31 79 (11)
11 31 (42)
11 (56)
37611 37631 37681 37748 (12)
37611 37631 37681 (14)
37611 37631 37679 (11)
37611 37631 (42)
37611 (56)
74729 74749 74799 74866 (12)
74729 74749 74799 (15)
74729 74749 74797 (11)
74729 74749 (43)
74729 (57)
37616 (59)
74734 (60)
16 (60)
37620 37658 40886 (21)
37620 37658 42109 (21)
37620 37658 40579 (15)
37620 37658 39298 (12)
37620 37658 (72)
37620 (79)
74738 74776 78038 13 18 (13)
74738 74776 78038 13 (21)
74738 74776 78038 (21)
74738 74776 79279 13 (18)
74738 74776 79279 (21)
74738 74776 77728 13 (13)
74738 74776 77728 (15)
74738 74776 76435 13 (12)
74738 74776 76435 (13)
74738 74776 (74)
74738 (81)
20 58 3320 37613 37618 (13)
20 58 3320 37613 (21)
20 58 3320 (21)
20 58 4561 37613 (18)
20 58 4561 (21)
20 58 3010 37613 (13)
20 58 3010 (15)
20 58 1717 37613 (12)
20 58 1717 (13)
20 58 (74)
20 (81)
38 231 37613 (12)
38 231 (14)
38 (89)
37638 37831 (14)
37638 (89)
74756 74949 13 (12)
74756 74949 (14)
74756 (89)
37642 37658 (28)
37642 37662 68685 (21)
37642 37662 (47)
37642 (97)
74760 74776 (28)
74760 74782 95201 13 (10)
74760 74782 95201 (10)
74760 74782 (10)
74760 74780 106189 13 38 (21)
74760 74780 106189 13 (21)
74760 74780 106189 (21)
74760 74780 (47)
74760 (98)
42 58 (28)
42 64 20483 37613 (10)
42 64 20483 (10)
42 64 (10)
42 62 31471 37613 37638 (21)
42 62 31471 37613 (21)
42 62 31471 (21)
42 62 (47)
42 (98)
37630 37658 (11)
37630 37664 37673 (30)
37630 37664 37674 (14)
37630 37664 (44)
37630 37665 (36)
37630 (100)
74748 74776 (11)
74748 74782 74791 (30)
74748 74782 74792 (14)
74748 74782 (44)
74748 74783 (36)
74748 (100)
30 58 (11)
30 64 73 (30)
30 64 74 (14)
30 64 (44)
30 65 (36)
30 (100)
37658 40886 (21)
37658 42109 (21)
37658 40579 (15)
37658 39298 (12)
37658 (114)
58 3320 37613 37618 (13)
58 3320 37613 (21)
58 3320 (21)
58 4561 37613 (18)
58 4561 (21)
58 3010 37613 (13)
58 3010 (15)
58 1717 37613 (12)
58 1717 (13)
58 (116)
74776 78038 13 18 (13)
74776 78038 13 (21)
74776 78038 (21)
74776 79279 13 (18)
74776 79279 (21)
74776 77728 13 (13)
74776 77728 (15)
74776 76435 13 (12)
74776 76435 (13)
74776 (116)
37605 37618 (10)
37605 37621 37778 (20)
37605 37621 37770 (16)
37605 37621 (38)
37605 37648 37750 (38)
37605 37648 (38)
37605 37622 37779 (20)
37605 37622 37773 (16)
37605 37622 (38)
37605 37626 37749 (17)
37605 37626 (17)
37605 (141)
18 (151)
37618 (151)
74736 (151)
37607 37620 37658 40886 (21)
37607 37620 37658 42109 (21)
37607 37620 37658 40579 (15)
37607 37620 37658 39298 (12)
37607 37620 37658 (72)
37607 37620 (79)
37607 37656 40995 (36)
37607 37656 (36)
37607 37627 41039 (21)
37607 37627 (24)
37607 37641 40560 (11)
37607 37641 (13)
37607 (168)
7 20 58 3320 37613 37618 (13)
7 20 58 3320 37613 (21)
7 20 58 3320 (21)
7 20 58 4561 37613 (18)
7 20 58 4561 (21)
7 20 58 3010 37613 (13)
7 20 58 3010 (15)
7 20 58 1717 37613 (12)
7 20 58 1717 (13)
7 20 58 (74)
7 20 (81)
7 56 3429 37613 37618 (12)
7 56 3429 37613 37642 (10)
7 56 3429 37613 (32)
7 56 3429 (36)
7 56 (36)
7 27 3473 37613 (17)
7 27 3473 (21)
7 27 (24)
7 41 2991 37611 37631 (10)
7 41 2991 37611 (11)
7 41 2991 (11)
7 41 (13)
7 (170)
74725 74738 74776 78038 13 18 (13)
74725 74738 74776 78038 13 (21)
74725 74738 74776 78038 (21)
74725 74738 74776 79279 13 (18)
74725 74738 74776 79279 (21)
74725 74738 74776 77728 13 (13)
74725 74738 74776 77728 (15)
74725 74738 74776 76435 13 (12)
74725 74738 74776 76435 (13)
74725 74738 74776 (74)
74725 74738 (81)
74725 74774 78147 13 18 (12)
74725 74774 78147 13 42 (10)
74725 74774 78147 13 (32)
74725 74774 78147 (36)
74725 74774 (36)
74725 74745 78191 13 (17)
74725 74745 78191 (21)
74725 74745 (24)
74725 74759 77709 11 31 (10)
74725 74759 77709 11 (11)
74725 74759 77709 (11)
74725 74759 (13)
74725 (170)
74723 74736 (10)
74723 74743 74869 13 18 (10)
74723 74743 74869 13 (30)
74723 74743 74869 (46)
74723 74743 (46)
74723 74740 74897 13 18 (10)
74723 74740 74897 13 (16)
74723 74740 74897 (20)
74723 74740 74891 13 30 (11)
74723 74740 74891 13 (16)
74723 74740 74891 (16)
74723 74740 (38)
74723 74739 74896 (20)
74723 74739 74888 13 30 64 73 (10)
74723 74739 74888 13 30 64 (10)
74723 74739 74888 13 30 (10)
74723 74739 74888 13 (16)
74723 74739 74888 (16)
74723 74739 (38)
74723 74766 74868 13 (17)
74723 74766 74868 (38)
74723 74766 (38)
74723 74744 74867 1 (13)
74723 74744 74867 (17)
74723 74744 (17)
74723 (187)
5 18 (10)
5 25 151 37613 37618 (10)
5 25 151 37613 (30)
5 25 151 (46)
5 25 (46)
5 21 178 (20)
5 21 170 37613 37630 37664 37673 (10)
5 21 170 37613 37630 37664 (10)
5 21 170 37613 37630 (10)
5 21 170 37613 (16)
5 21 170 (16)
5 21 (38)
5 48 150 37613 (17)
5 48 150 (38)
5 48 (38)
5 22 179 37613 37618 (10)
5 22 179 37613 (16)
5 22 179 (20)
5 22 173 37613 37630 (11)
5 22 173 37613 (16)
5 22 173 (16)
5 22 (38)
5 26 149 37601 (13)
5 26 149 (17)
5 26 (17)
5 (187)
37613 37618 (138)
37613 37630 37658 (11)
37613 37630 37664 37673 (30)
37613 37630 37664 37674 (14)
37613 37630 37664 (44)
37613 37630 37665 (36)
37613 37630 (100)
37613 37642 37658 (28)
37613 37642 37662 68685 (21)
37613 37642 37662 (47)
37613 37642 (90)
37613 37638 37831 (14)
37613 37638 (89)
37613 37616 (59)
37613 (499)
13 18 (138)
13 30 58 (11)
13 30 64 73 (30)
13 30 64 74 (14)
13 30 64 (44)
13 30 65 (36)
13 30 (100)
13 42 58 (28)
13 42 64 20483 37613 (10)
13 42 64 20483 (10)
13 42 64 (10)
13 42 62 31471 37613 37638 (21)
13 42 62 31471 37613 (21)
13 42 62 31471 (21)
13 42 62 (47)
13 42 (91)
13 38 231 37613 (12)
13 38 231 (14)
13 38 (89)
13 16 (60)
13 (501)
74731 74736 (138)
74731 74748 74776 (11)
74731 74748 74782 74791 (30)
74731 74748 74782 74792 (14)
74731 74748 74782 (44)
74731 74748 74783 (36)
74731 74748 (100)
74731 74760 74776 (28)
74731 74760 74782 95201 13 (10)
74731 74760 74782 95201 (10)
74731 74760 74782 (10)
74731 74760 74780 106189 13 38 (21)
74731 74760 74780 106189 13 (21)
74731 74760 74780 106189 (21)
74731 74760 74780 (47)
74731 74760 (91)
74731 74756 74949 13 (12)
74731 74756 74949 (14)
74731 74756 (89)
74731 74734 (60)
74731 (501)
